3-D Example       at increment:       1,        load:  1
hexa8
12
1 4  7.6555E-03  4.7133E-02  0.0000E+00  0.0000E+00  0.0000E+00 -3.2402E-01 
2 4  1.0064E+00  4.7133E-02  0.0000E+00  0.0000E+00  0.0000E+00 -3.2402E-01 
3 4  7.6555E-03  1.0409E+00  1.0000E-01  0.0000E+00  0.0000E+00 -2.9317E-01 
4 4  1.0064E+00  1.0409E+00  1.0000E-01  0.0000E+00  0.0000E+00 -2.9317E-01 
5 4  7.6555E-03 -2.5571E-03  5.0000E-01  0.0000E+00  0.0000E+00 -3.0859E-02 
6 4  1.0064E+00 -2.5571E-03  5.0000E-01  0.0000E+00  0.0000E+00 -3.0859E-02 
7 4  7.6555E-03  9.9124E-01  6.0000E-01  0.0000E+00  0.0000E+00  3.0859E-02 
8 4  1.0064E+00  9.9124E-01  6.0000E-01  0.0000E+00  0.0000E+00  3.0859E-02 
9 4  7.6555E-03 -5.2247E-02  1.0000E+00  0.0000E+00  0.0000E+00  2.9317E-01 
10 4  1.0064E+00 -5.2247E-02  1.0000E+00  0.0000E+00  0.0000E+00  2.9317E-01 
11 4  7.6555E-03  9.4155E-01  1.1000E+00  0.0000E+00  0.0000E+00  3.2402E-01 
12 4  1.0064E+00  9.4155E-01  1.1000E+00  0.0000E+00  0.0000E+00  3.2402E-01 
2
1 1 1 2 4 3 5 6 8 7 
2 1 5 6 8 7 9 10 12 11 
 1.4135E-10 -5.1180E-15 -8.3527E-15  1.6911E-10 -5.2462E-12  1.2436E+00 
 1.4135E-10  3.3750E-15 -1.0061E-14  1.6911E-10 -5.2545E-12  1.2436E+00 
 1.4133E-10  2.2481E-16 -6.1415E-15  1.6907E-10 -5.2697E-12  1.2436E+00 
 1.4133E-10 -8.9217E-15  2.1422E-15  1.6907E-10 -5.2532E-12  1.2436E+00 
 1.4137E-10  3.1228E-15 -7.5235E-15  1.6909E-10 -5.2504E-12  1.2436E+00 
 1.4133E-10 -1.8601E-14 -1.2272E-14  1.6907E-10 -5.2532E-12  1.2436E+00 
 1.4133E-10 -1.0708E-14 -8.3527E-15  1.6909E-10 -5.2697E-12  1.2436E+00 
 1.4133E-10  1.0362E-14  2.9714E-15  1.6909E-10 -5.2573E-12  1.2436E+00 
 1.4137E-10 -8.0959E-16  4.2671E-15  1.6907E-10 -5.2559E-12  1.2436E+00 
 1.4133E-10  1.0484E-14  2.2955E-15  1.6907E-10 -5.2532E-12  1.2436E+00 
 1.4135E-10  1.7787E-14  3.9924E-14  1.6908E-10 -5.2283E-12  1.2436E+00 
 1.4137E-10  1.0087E-14  5.7355E-15  1.6907E-10 -5.2476E-12  1.2436E+00 
 1.4133E-10 -8.0959E-16  4.2671E-15  1.6907E-10 -5.2532E-12  1.2436E+00 
 1.4133E-10 -5.0378E-16  1.1899E-15  1.6907E-10 -5.2504E-12  1.2436E+00 
 1.4135E-10 -4.2433E-15  3.8818E-14  1.6908E-10 -5.2255E-12  1.2436E+00 
 1.4133E-10 -9.5552E-16  5.7355E-15  1.6907E-10 -5.2449E-12  1.2436E+00 

--------------------------------------------------------
--------------------------------------------------------

