
step = 0     time = 0.00e+00     dt = 1.36e-07
Displacment
 0.0000E+00  0.0000E+00  0.0000E+00 
 0.0000E+00  0.0000E+00  0.0000E+00 
 0.0000E+00  0.0000E+00  0.0000E+00 
 0.0000E+00  0.0000E+00  0.0000E+00 
 0.0000E+00  0.0000E+00  0.0000E+00 
 0.0000E+00  0.0000E+00  0.0000E+00 
 0.0000E+00  0.0000E+00  0.0000E+00 
 0.0000E+00  0.0000E+00  0.0000E+00 
-2.8041E-21 -4.5345E-21  0.0000E+00 
 0.0000E+00  0.0000E+00  0.0000E+00 
 0.0000E+00  0.0000E+00  0.0000E+00 
 0.0000E+00  0.0000E+00  0.0000E+00 
 0.0000E+00  0.0000E+00  0.0000E+00 
 0.0000E+00  0.0000E+00  0.0000E+00 
 0.0000E+00  0.0000E+00  0.0000E+00 
 0.0000E+00  0.0000E+00  0.0000E+00 
 0.0000E+00  0.0000E+00  0.0000E+00 
-1.0169E-21 -1.4914E-21  0.0000E+00 
 0.0000E+00  0.0000E+00  0.0000E+00 
 0.0000E+00  0.0000E+00  0.0000E+00 
 0.0000E+00  0.0000E+00  0.0000E+00 
 0.0000E+00  0.0000E+00  0.0000E+00 
 0.0000E+00  0.0000E+00  0.0000E+00 
 0.0000E+00  0.0000E+00  0.0000E+00 
 0.0000E+00  0.0000E+00  0.0000E+00 
 0.0000E+00  0.0000E+00  0.0000E+00 
-2.3489E-21 -5.1317E-21  0.0000E+00 
 0.0000E+00  0.0000E+00  0.0000E+00 
 0.0000E+00  0.0000E+00  0.0000E+00 
 0.0000E+00  0.0000E+00  0.0000E+00 
 0.0000E+00  0.0000E+00  0.0000E+00 
 0.0000E+00  0.0000E+00  0.0000E+00 
 0.0000E+00  0.0000E+00  0.0000E+00 
 0.0000E+00  0.0000E+00  0.0000E+00 
 0.0000E+00  0.0000E+00  0.0000E+00 
 0.0000E+00  0.0000E+00  0.0000E+00 
 0.0000E+00  0.0000E+00  0.0000E+00 
 0.0000E+00  0.0000E+00  0.0000E+00 
 0.0000E+00  0.0000E+00  0.0000E+00 
 0.0000E+00  0.0000E+00  0.0000E+00 
 0.0000E+00  0.0000E+00  0.0000E+00 
 0.0000E+00  0.0000E+00  0.0000E+00 
 0.0000E+00  0.0000E+00  0.0000E+00 

step = 1     time = 1.36e-07     dt = 1.36e-07
Displacment
 0.0000E+00  0.0000E+00  0.0000E+00 
 0.0000E+00  0.0000E+00  0.0000E+00 
 0.0000E+00  0.0000E+00  0.0000E+00 
 0.0000E+00  0.0000E+00  0.0000E+00 
 0.0000E+00  0.0000E+00  0.0000E+00 
 0.0000E+00  0.0000E+00  0.0000E+00 
 0.0000E+00  0.0000E+00  0.0000E+00 
 0.0000E+00  0.0000E+00  0.0000E+00 
-1.0581E-20 -1.5714E-20  0.0000E+00 
 0.0000E+00  0.0000E+00  0.0000E+00 
 0.0000E+00  0.0000E+00  0.0000E+00 
 0.0000E+00  0.0000E+00  0.0000E+00 
 0.0000E+00  0.0000E+00  0.0000E+00 
 0.0000E+00  0.0000E+00  0.0000E+00 
 0.0000E+00  0.0000E+00  0.0000E+00 
 0.0000E+00  0.0000E+00  0.0000E+00 
 0.0000E+00  0.0000E+00  0.0000E+00 
-3.7390E-21 -4.7535E-21  0.0000E+00 
 0.0000E+00  0.0000E+00  6.8083E-09 
 0.0000E+00  0.0000E+00  6.8083E-09 
 0.0000E+00  0.0000E+00  6.8083E-09 
 0.0000E+00  0.0000E+00  6.8083E-09 
 0.0000E+00  0.0000E+00  6.8083E-09 
 0.0000E+00  0.0000E+00  6.8083E-09 
 0.0000E+00  0.0000E+00  6.8083E-09 
 0.0000E+00  0.0000E+00  6.8083E-09 
-9.3956E-21 -2.0527E-20  6.8083E-09 
 0.0000E+00  0.0000E+00  0.0000E+00 
 0.0000E+00  0.0000E+00  0.0000E+00 
 0.0000E+00  0.0000E+00  0.0000E+00 
 0.0000E+00  0.0000E+00  0.0000E+00 
 0.0000E+00  0.0000E+00  0.0000E+00 
 0.0000E+00  0.0000E+00  0.0000E+00 
 0.0000E+00  0.0000E+00  0.0000E+00 
 0.0000E+00  0.0000E+00  0.0000E+00 
 0.0000E+00  0.0000E+00  0.0000E+00 
 0.0000E+00  0.0000E+00  0.0000E+00 
 0.0000E+00  0.0000E+00  0.0000E+00 
 0.0000E+00  0.0000E+00  0.0000E+00 
 0.0000E+00  0.0000E+00  0.0000E+00 
 0.0000E+00  0.0000E+00  0.0000E+00 
 0.0000E+00  0.0000E+00  0.0000E+00 
 0.0000E+00  0.0000E+00  0.0000E+00 

step = 2     time = 2.72e-07     dt = 1.36e-07
Displacment
 8.6736E-19 -2.1684E-19  0.0000E+00 
 0.0000E+00  0.0000E+00  0.0000E+00 
-2.1684E-19  0.0000E+00  0.0000E+00 
 0.0000E+00  0.0000E+00  0.0000E+00 
 0.0000E+00  0.0000E+00  0.0000E+00 
 0.0000E+00  0.0000E+00  0.0000E+00 
 0.0000E+00  0.0000E+00  0.0000E+00 
 0.0000E+00  0.0000E+00  0.0000E+00 
-2.3196E-20 -3.3417E-20  0.0000E+00 
 0.0000E+00  0.0000E+00  0.0000E+00 
 0.0000E+00  0.0000E+00  0.0000E+00 
 0.0000E+00  0.0000E+00  0.0000E+00 
 0.0000E+00  0.0000E+00  0.0000E+00 
 0.0000E+00  0.0000E+00  0.0000E+00 
 0.0000E+00  0.0000E+00  0.0000E+00 
 0.0000E+00  0.0000E+00  0.0000E+00 
 0.0000E+00  0.0000E+00  0.0000E+00 
-8.1483E-21 -9.8245E-21  0.0000E+00 
 0.0000E+00  0.0000E+00  1.3617E-08 
 0.0000E+00  0.0000E+00  1.3617E-08 
 0.0000E+00  0.0000E+00  1.3617E-08 
 0.0000E+00  0.0000E+00  1.3617E-08 
 0.0000E+00  0.0000E+00  1.3617E-08 
 0.0000E+00  0.0000E+00  1.3617E-08 
 0.0000E+00  0.0000E+00  1.3617E-08 
 0.0000E+00  0.0000E+00  1.3617E-08 
-2.1140E-20 -4.6185E-20  1.3617E-08 
 0.0000E+00  0.0000E+00  0.0000E+00 
 0.0000E+00  0.0000E+00  0.0000E+00 
 0.0000E+00  0.0000E+00  0.0000E+00 
 0.0000E+00  0.0000E+00  0.0000E+00 
 0.0000E+00  0.0000E+00  0.0000E+00 
 0.0000E+00  0.0000E+00  0.0000E+00 
 0.0000E+00  0.0000E+00  0.0000E+00 
 0.0000E+00  0.0000E+00  0.0000E+00 
 0.0000E+00  0.0000E+00  0.0000E+00 
 0.0000E+00  0.0000E+00  0.0000E+00 
 0.0000E+00  0.0000E+00  0.0000E+00 
 0.0000E+00  0.0000E+00  0.0000E+00 
 0.0000E+00  0.0000E+00  0.0000E+00 
 0.0000E+00  0.0000E+00  0.0000E+00 
 0.0000E+00  0.0000E+00  0.0000E+00 
 0.0000E+00  0.0000E+00  0.0000E+00 

step = 3     time = 4.08e-07     dt = 1.36e-07
Displacment
 1.7347E-18 -4.3368E-19  0.0000E+00 
 0.0000E+00  0.0000E+00  0.0000E+00 
-4.3368E-19  0.0000E+00  0.0000E+00 
 0.0000E+00  0.0000E+00  0.0000E+00 
 0.0000E+00  0.0000E+00  0.0000E+00 
 0.0000E+00  0.0000E+00  0.0000E+00 
 0.0000E+00  0.0000E+00  0.0000E+00 
 0.0000E+00  0.0000E+00  0.0000E+00 
-4.0609E-20 -5.5995E-20  0.0000E+00 
 0.0000E+00  0.0000E+00  0.0000E+00 
 0.0000E+00  0.0000E+00  0.0000E+00 
 0.0000E+00  0.0000E+00  0.0000E+00 
 0.0000E+00  0.0000E+00  0.0000E+00 
 0.0000E+00  0.0000E+00  0.0000E+00 
 0.0000E+00  0.0000E+00  0.0000E+00 
 0.0000E+00  0.0000E+00  0.0000E+00 
 0.0000E+00  0.0000E+00  0.0000E+00 
-1.4197E-20 -1.3981E-20  0.0000E+00 
 0.0000E+00  0.0000E+00  2.0425E-08 
 0.0000E+00  0.0000E+00  2.0425E-08 
-2.1684E-19  0.0000E+00  2.0425E-08 
 0.0000E+00  0.0000E+00  2.0425E-08 
 0.0000E+00  0.0000E+00  2.0425E-08 
 0.0000E+00  0.0000E+00  2.0425E-08 
 0.0000E+00  0.0000E+00  2.0425E-08 
 0.0000E+00  0.0000E+00  2.0425E-08 
-3.7582E-20 -8.2107E-20  2.0425E-08 
 0.0000E+00  0.0000E+00  0.0000E+00 
 0.0000E+00  0.0000E+00  0.0000E+00 
 0.0000E+00  0.0000E+00  0.0000E+00 
 0.0000E+00  0.0000E+00  0.0000E+00 
 0.0000E+00  0.0000E+00  0.0000E+00 
 0.0000E+00  0.0000E+00  0.0000E+00 
 0.0000E+00  0.0000E+00  0.0000E+00 
 0.0000E+00  0.0000E+00  0.0000E+00 
 0.0000E+00  0.0000E+00  0.0000E+00 
 0.0000E+00  0.0000E+00  0.0000E+00 
 0.0000E+00  0.0000E+00  0.0000E+00 
 0.0000E+00  0.0000E+00  0.0000E+00 
 0.0000E+00  0.0000E+00  0.0000E+00 
 0.0000E+00  0.0000E+00  0.0000E+00 
 0.0000E+00  0.0000E+00  0.0000E+00 
 0.0000E+00  0.0000E+00  0.0000E+00 

step = 4     time = 5.45e-07     dt = 1.36e-07
Displacment
 2.6021E-18 -6.5052E-19  0.0000E+00 
 0.0000E+00  0.0000E+00  0.0000E+00 
-6.5052E-19  0.0000E+00  0.0000E+00 
 0.0000E+00  0.0000E+00  0.0000E+00 
 0.0000E+00  2.1684E-19  0.0000E+00 
 0.0000E+00  0.0000E+00  0.0000E+00 
 0.0000E+00  0.0000E+00  0.0000E+00 
 0.0000E+00  0.0000E+00  0.0000E+00 
-6.2799E-20 -8.3449E-20  0.0000E+00 
 0.0000E+00 -2.1684E-19  0.0000E+00 
 0.0000E+00  0.0000E+00  0.0000E+00 
 0.0000E+00  0.0000E+00  0.0000E+00 
 0.0000E+00  0.0000E+00  0.0000E+00 
 0.0000E+00  0.0000E+00  0.0000E+00 
 0.0000E+00  0.0000E+00  0.0000E+00 
 0.0000E+00  0.0000E+00  0.0000E+00 
 0.0000E+00  0.0000E+00  0.0000E+00 
-2.1897E-20 -1.7222E-20  0.0000E+00 
 0.0000E+00  0.0000E+00  2.7233E-08 
 0.0000E+00  0.0000E+00  2.7233E-08 
-4.3368E-19  0.0000E+00  2.7233E-08 
 0.0000E+00  0.0000E+00  2.7233E-08 
 0.0000E+00  2.1684E-19  2.7233E-08 
 0.0000E+00  0.0000E+00  2.7233E-08 
 2.1684E-19  0.0000E+00  2.7233E-08 
 0.0000E+00  0.0000E+00  2.7233E-08 
-5.8722E-20 -1.2829E-19  2.7233E-08 
 0.0000E+00  0.0000E+00  0.0000E+00 
 0.0000E+00  0.0000E+00  0.0000E+00 
 0.0000E+00  0.0000E+00  0.0000E+00 
 0.0000E+00  0.0000E+00  0.0000E+00 
 0.0000E+00  0.0000E+00  0.0000E+00 
 0.0000E+00  0.0000E+00  0.0000E+00 
 0.0000E+00  0.0000E+00  0.0000E+00 
 0.0000E+00  0.0000E+00  0.0000E+00 
 0.0000E+00  0.0000E+00  0.0000E+00 
 0.0000E+00  0.0000E+00  0.0000E+00 
 0.0000E+00  0.0000E+00  0.0000E+00 
 0.0000E+00  0.0000E+00  0.0000E+00 
 0.0000E+00  0.0000E+00  0.0000E+00 
 0.0000E+00  0.0000E+00  0.0000E+00 
 0.0000E+00  0.0000E+00  0.0000E+00 
 0.0000E+00  0.0000E+00  0.0000E+00 

step = 5     time = 6.81e-07     dt = 1.36e-07
Displacment
 3.4694E-18 -1.0842E-18  0.0000E+00 
 0.0000E+00  0.0000E+00  0.0000E+00 
-8.6736E-19  0.0000E+00  0.0000E+00 
 0.0000E+00  0.0000E+00  0.0000E+00 
 0.0000E+00  4.3368E-19  0.0000E+00 
 0.0000E+00  0.0000E+00  0.0000E+00 
 2.1684E-19  0.0000E+00  0.0000E+00 
 0.0000E+00  0.0000E+00  0.0000E+00 
-8.9743E-20 -1.1569E-19  0.0000E+00 
 8.6736E-19 -4.3368E-19  0.0000E+00 
 0.0000E+00  0.0000E+00  0.0000E+00 
 0.0000E+00  0.0000E+00  0.0000E+00 
 0.0000E+00  0.0000E+00  0.0000E+00 
 0.0000E+00  0.0000E+00  0.0000E+00 
 0.0000E+00  0.0000E+00  0.0000E+00 
 0.0000E+00  0.0000E+00  0.0000E+00 
 0.0000E+00  0.0000E+00  0.0000E+00 
-3.1257E-20 -1.9592E-20  0.0000E+00 
 0.0000E+00  0.0000E+00  3.4041E-08 
 0.0000E+00  0.0000E+00  3.4041E-08 
-6.5052E-19  0.0000E+00  3.4041E-08 
 0.0000E+00  0.0000E+00  3.4041E-08 
 0.0000E+00  4.3368E-19  3.4041E-08 
 0.0000E+00  0.0000E+00  3.4041E-08 
 4.3368E-19  0.0000E+00  3.4041E-08 
 0.0000E+00  0.0000E+00  3.4041E-08 
-8.4560E-20 -1.8474E-19  3.4041E-08 
 0.0000E+00  0.0000E+00  0.0000E+00 
 0.0000E+00  0.0000E+00  0.0000E+00 
 0.0000E+00  0.0000E+00  0.0000E+00 
 0.0000E+00  0.0000E+00  0.0000E+00 
 0.0000E+00  0.0000E+00  0.0000E+00 
 0.0000E+00  0.0000E+00  0.0000E+00 
 0.0000E+00  0.0000E+00  0.0000E+00 
 0.0000E+00  0.0000E+00  0.0000E+00 
 0.0000E+00  0.0000E+00  0.0000E+00 
 0.0000E+00  0.0000E+00  0.0000E+00 
 0.0000E+00  0.0000E+00  0.0000E+00 
 0.0000E+00  0.0000E+00  0.0000E+00 
 0.0000E+00  0.0000E+00  0.0000E+00 
 0.0000E+00  0.0000E+00  0.0000E+00 
 0.0000E+00  0.0000E+00  0.0000E+00 
 0.0000E+00  0.0000E+00  0.0000E+00 

step = 6     time = 8.17e-07     dt = 1.36e-07
Displacment
 4.3368E-18 -1.5179E-18  0.0000E+00 
 0.0000E+00  0.0000E+00  0.0000E+00 
-1.3010E-18  0.0000E+00  0.0000E+00 
 0.0000E+00  0.0000E+00  0.0000E+00 
 0.0000E+00  6.5052E-19  0.0000E+00 
 0.0000E+00  0.0000E+00  0.0000E+00 
 4.3368E-19  0.0000E+00  0.0000E+00 
 0.0000E+00  0.0000E+00  0.0000E+00 
-1.2028E-19 -1.5237E-19  0.0000E+00 
 1.7347E-18 -6.5052E-19  0.0000E+00 
 0.0000E+00  0.0000E+00  0.0000E+00 
 0.0000E+00  0.0000E+00  0.0000E+00 
 0.0000E+00  0.0000E+00  0.0000E+00 
 0.0000E+00  2.1684E-19  0.0000E+00 
 0.0000E+00  0.0000E+00  0.0000E+00 
 0.0000E+00  0.0000E+00  0.0000E+00 
 0.0000E+00  0.0000E+00  0.0000E+00 
-4.1877E-20 -2.0946E-20  0.0000E+00 
 0.0000E+00  0.0000E+00  4.0850E-08 
 0.0000E+00  0.0000E+00  4.0850E-08 
-8.6736E-19  0.0000E+00  4.0850E-08 
 0.0000E+00  0.0000E+00  4.0850E-08 
 0.0000E+00  6.5052E-19  4.0850E-08 
 0.0000E+00  0.0000E+00  4.0850E-08 
 6.5052E-19  0.0000E+00  4.0850E-08 
 0.0000E+00  0.0000E+00  4.0850E-08 
-1.1510E-19 -2.5145E-19  4.0850E-08 
 0.0000E+00  0.0000E+00  0.0000E+00 
 0.0000E+00  0.0000E+00  0.0000E+00 
 0.0000E+00  0.0000E+00  0.0000E+00 
 0.0000E+00  0.0000E+00  0.0000E+00 
 0.0000E+00  0.0000E+00  0.0000E+00 
 0.0000E+00  0.0000E+00  0.0000E+00 
 0.0000E+00  0.0000E+00  0.0000E+00 
 0.0000E+00  0.0000E+00  0.0000E+00 
 0.0000E+00  0.0000E+00  0.0000E+00 
 0.0000E+00  0.0000E+00  0.0000E+00 
 0.0000E+00  0.0000E+00  0.0000E+00 
 0.0000E+00  0.0000E+00  0.0000E+00 
 0.0000E+00  0.0000E+00  0.0000E+00 
 0.0000E+00  0.0000E+00  0.0000E+00 
 0.0000E+00  0.0000E+00  0.0000E+00 
 0.0000E+00  0.0000E+00  0.0000E+00 

step = 7     time = 9.53e-07     dt = 1.36e-07
Displacment
 6.0715E-18 -1.9516E-18  0.0000E+00 
 0.0000E+00  0.0000E+00  0.0000E+00 
-1.7347E-18 -8.6736E-19  0.0000E+00 
 0.0000E+00  0.0000E+00  0.0000E+00 
 0.0000E+00  8.6736E-19  0.0000E+00 
 0.0000E+00  0.0000E+00  0.0000E+00 
 4.3368E-19  0.0000E+00  0.0000E+00 
 0.0000E+00  0.0000E+00  0.0000E+00 
-1.5329E-19 -1.8904E-19  0.0000E+00 
 2.6021E-18 -8.6736E-19  0.0000E+00 
 0.0000E+00  0.0000E+00  0.0000E+00 
 0.0000E+00  0.0000E+00  0.0000E+00 
 0.0000E+00  0.0000E+00  0.0000E+00 
 0.0000E+00  4.3368E-19  0.0000E+00 
 0.0000E+00  0.0000E+00  0.0000E+00 
 0.0000E+00  0.0000E+00  0.0000E+00 
 0.0000E+00  0.0000E+00  0.0000E+00 
-5.3377E-20 -2.0692E-20  0.0000E+00 
 0.0000E+00  0.0000E+00  4.7658E-08 
 0.0000E+00  0.0000E+00  4.7658E-08 
-1.0842E-18  0.0000E+00  4.7658E-08 
 0.0000E+00  0.0000E+00  4.7658E-08 
 0.0000E+00  8.6736E-19  4.7658E-08 
 0.0000E+00  0.0000E+00  4.7658E-08 
 8.6736E-19  0.0000E+00  4.7658E-08 
 0.0000E+00  0.0000E+00  4.7658E-08 
-1.5033E-19 -3.2843E-19  4.7658E-08 
 0.0000E+00  0.0000E+00  0.0000E+00 
 0.0000E+00  0.0000E+00  0.0000E+00 
 0.0000E+00  0.0000E+00  0.0000E+00 
 0.0000E+00  0.0000E+00  0.0000E+00 
 0.0000E+00  0.0000E+00  0.0000E+00 
 0.0000E+00  0.0000E+00  0.0000E+00 
 0.0000E+00  0.0000E+00  0.0000E+00 
 0.0000E+00  0.0000E+00  0.0000E+00 
 0.0000E+00  0.0000E+00  0.0000E+00 
 0.0000E+00  0.0000E+00  0.0000E+00 
 0.0000E+00  0.0000E+00  0.0000E+00 
 0.0000E+00  0.0000E+00  0.0000E+00 
 0.0000E+00  0.0000E+00  0.0000E+00 
 0.0000E+00  0.0000E+00  0.0000E+00 
 0.0000E+00  0.0000E+00  0.0000E+00 
 0.0000E+00  0.0000E+00  0.0000E+00 

step = 8     time = 1.09e-06     dt = 1.36e-07
Displacment
 7.8063E-18 -2.6021E-18  0.0000E+00 
 0.0000E+00  0.0000E+00  0.0000E+00 
-2.1684E-18 -1.7347E-18  0.0000E+00 
 0.0000E+00  0.0000E+00  0.0000E+00 
 0.0000E+00  1.0842E-18  0.0000E+00 
 0.0000E+00  0.0000E+00  0.0000E+00 
 4.3368E-19  0.0000E+00  0.0000E+00 
 0.0000E+00  0.0000E+00  0.0000E+00 
-1.8865E-19 -2.2560E-19  0.0000E+00 
 3.4694E-18 -1.0842E-18  0.0000E+00 
 0.0000E+00  0.0000E+00  0.0000E+00 
 0.0000E+00  0.0000E+00  0.0000E+00 
 0.0000E+00  0.0000E+00  0.0000E+00 
 0.0000E+00  6.5052E-19  0.0000E+00 
 0.0000E+00  0.0000E+00  0.0000E+00 
 0.0000E+00  0.0000E+00  0.0000E+00 
 0.0000E+00  0.0000E+00  0.0000E+00 
-6.5736E-20 -1.8853E-20  0.0000E+00 
 0.0000E+00  2.1684E-19  5.4466E-08 
 0.0000E+00  0.0000E+00  5.4466E-08 
-1.3010E-18  0.0000E+00  5.4466E-08 
 0.0000E+00  0.0000E+00  5.4466E-08 
 0.0000E+00  1.0842E-18  5.4466E-08 
 0.0000E+00  0.0000E+00  5.4466E-08 
 1.0842E-18  0.0000E+00  5.4466E-08 
 0.0000E+00  0.0000E+00  5.4466E-08 
-1.9026E-19 -4.1567E-19  5.4466E-08 
 0.0000E+00  0.0000E+00  0.0000E+00 
 0.0000E+00  0.0000E+00  0.0000E+00 
 0.0000E+00  0.0000E+00  0.0000E+00 
 0.0000E+00  0.0000E+00  0.0000E+00 
 0.0000E+00  0.0000E+00  0.0000E+00 
 0.0000E+00  0.0000E+00  0.0000E+00 
 0.0000E+00  0.0000E+00  0.0000E+00 
 0.0000E+00  0.0000E+00  0.0000E+00 
 0.0000E+00  0.0000E+00  0.0000E+00 
 0.0000E+00  0.0000E+00  0.0000E+00 
 0.0000E+00  0.0000E+00  0.0000E+00 
 0.0000E+00  0.0000E+00  0.0000E+00 
 0.0000E+00  0.0000E+00  0.0000E+00 
 0.0000E+00  0.0000E+00  0.0000E+00 
 0.0000E+00  0.0000E+00  0.0000E+00 
 0.0000E+00  0.0000E+00  0.0000E+00 

step = 9     time = 1.23e-06     dt = 1.36e-07
Displacment
 9.5410E-18 -3.2526E-18  0.0000E+00 
 0.0000E+00  0.0000E+00  0.0000E+00 
-2.6021E-18 -2.6021E-18  0.0000E+00 
 0.0000E+00  0.0000E+00  0.0000E+00 
 0.0000E+00  1.3010E-18  0.0000E+00 
 0.0000E+00  0.0000E+00  0.0000E+00 
 4.3368E-19  0.0000E+00  0.0000E+00 
 0.0000E+00  0.0000E+00  0.0000E+00 
-2.2621E-19 -2.6202E-19  0.0000E+00 
 4.3368E-18 -1.3010E-18  0.0000E+00 
 0.0000E+00  0.0000E+00  0.0000E+00 
-2.1684E-19  0.0000E+00  0.0000E+00 
 0.0000E+00  0.0000E+00  0.0000E+00 
 0.0000E+00  8.6736E-19  0.0000E+00 
 0.0000E+00  0.0000E+00  0.0000E+00 
 0.0000E+00  0.0000E+00  0.0000E+00 
 0.0000E+00  0.0000E+00  0.0000E+00 
-7.8946E-20 -1.5424E-20  0.0000E+00 
 0.0000E+00  4.3368E-19  6.1275E-08 
 0.0000E+00  0.0000E+00  6.1275E-08 
-1.7347E-18  0.0000E+00  6.1275E-08 
 0.0000E+00  0.0000E+00  6.1275E-08 
 0.0000E+00  1.3010E-18  6.1275E-08 
 0.0000E+00  0.0000E+00  6.1275E-08 
 1.3010E-18  0.0000E+00  6.1275E-08 
 0.0000E+00  0.0000E+00  6.1275E-08 
-2.3489E-19 -5.1317E-19  6.1275E-08 
 0.0000E+00  0.0000E+00  0.0000E+00 
 0.0000E+00  0.0000E+00  0.0000E+00 
 0.0000E+00  0.0000E+00  0.0000E+00 
 0.0000E+00  0.0000E+00  0.0000E+00 
 0.0000E+00  0.0000E+00  0.0000E+00 
 0.0000E+00  0.0000E+00  0.0000E+00 
 0.0000E+00  0.0000E+00  0.0000E+00 
 0.0000E+00  0.0000E+00  0.0000E+00 
 0.0000E+00  0.0000E+00  0.0000E+00 
 0.0000E+00  0.0000E+00  0.0000E+00 
 0.0000E+00  0.0000E+00  0.0000E+00 
 0.0000E+00  0.0000E+00  0.0000E+00 
 0.0000E+00  0.0000E+00  0.0000E+00 
 0.0000E+00  0.0000E+00  0.0000E+00 
 0.0000E+00  0.0000E+00  0.0000E+00 
 0.0000E+00  0.0000E+00  0.0000E+00 

step = 10     time = 1.36e-06     dt = 1.36e-07
Displacment
 1.1276E-17 -3.9031E-18  0.0000E+00 
 0.0000E+00  0.0000E+00  0.0000E+00 
-3.0358E-18 -3.4694E-18  0.0000E+00 
 0.0000E+00  0.0000E+00  0.0000E+00 
 0.0000E+00  1.5179E-18  0.0000E+00 
 0.0000E+00  0.0000E+00  0.0000E+00 
 4.3368E-19  0.0000E+00  0.0000E+00 
 0.0000E+00  0.0000E+00  0.0000E+00 
-2.6545E-19 -2.9799E-19  0.0000E+00 
 5.2042E-18 -1.5179E-18  0.0000E+00 
 0.0000E+00  0.0000E+00  0.0000E+00 
-4.3368E-19  0.0000E+00  0.0000E+00 
 0.0000E+00  0.0000E+00  0.0000E+00 
 0.0000E+00  1.0842E-18  0.0000E+00 
 0.0000E+00  0.0000E+00  0.0000E+00 
 0.0000E+00  0.0000E+00  0.0000E+00 
 0.0000E+00  0.0000E+00  0.0000E+00 
-9.2869E-20 -1.0420E-20  0.0000E+00 
 0.0000E+00  6.5052E-19  6.8083E-08 
 0.0000E+00  0.0000E+00  6.8083E-08 
-2.1684E-18  0.0000E+00  6.8083E-08 
 0.0000E+00  0.0000E+00  6.8083E-08 
 0.0000E+00  1.5179E-18  6.8083E-08 
 0.0000E+00  0.0000E+00  6.8083E-08 
 1.5179E-18  0.0000E+00  6.8083E-08 
 0.0000E+00  0.0000E+00  6.8083E-08 
-2.8422E-19 -6.2094E-19  6.8083E-08 
 0.0000E+00  0.0000E+00  0.0000E+00 
 0.0000E+00  0.0000E+00  0.0000E+00 
 0.0000E+00  0.0000E+00  0.0000E+00 
 0.0000E+00  0.0000E+00  0.0000E+00 
 0.0000E+00  0.0000E+00  0.0000E+00 
 0.0000E+00  0.0000E+00  0.0000E+00 
 0.0000E+00  0.0000E+00  0.0000E+00 
 0.0000E+00  0.0000E+00  0.0000E+00 
 0.0000E+00  0.0000E+00  0.0000E+00 
 0.0000E+00  0.0000E+00  0.0000E+00 
 0.0000E+00  0.0000E+00  0.0000E+00 
 0.0000E+00  0.0000E+00  0.0000E+00 
 0.0000E+00  0.0000E+00  0.0000E+00 
 0.0000E+00  0.0000E+00  0.0000E+00 
 0.0000E+00  0.0000E+00  0.0000E+00 
 0.0000E+00  0.0000E+00  0.0000E+00 

step = 11     time = 1.50e-06     dt = 1.36e-07
Displacment
 1.3010E-17 -4.7705E-18  0.0000E+00 
 0.0000E+00  0.0000E+00  0.0000E+00 
-3.6863E-18 -4.3368E-18  0.0000E+00 
 0.0000E+00  0.0000E+00  0.0000E+00 
 0.0000E+00  1.9516E-18  0.0000E+00 
 0.0000E+00  0.0000E+00  0.0000E+00 
 4.3368E-19  0.0000E+00  0.0000E+00 
 0.0000E+00  0.0000E+00  0.0000E+00 
-3.0609E-19 -3.3342E-19  0.0000E+00 
 6.0715E-18 -1.7347E-18  0.0000E+00 
 0.0000E+00  0.0000E+00  0.0000E+00 
-6.5052E-19  0.0000E+00  0.0000E+00 
 0.0000E+00  0.0000E+00  0.0000E+00 
 0.0000E+00  1.3010E-18  0.0000E+00 
 0.0000E+00  0.0000E+00  0.0000E+00 
 0.0000E+00  0.0000E+00  0.0000E+00 
 0.0000E+00  0.0000E+00  0.0000E+00 
-1.0744E-19 -3.8637E-21  0.0000E+00 
 0.0000E+00  8.6736E-19  7.4891E-08 
 0.0000E+00  0.0000E+00  7.4891E-08 
-2.6021E-18  0.0000E+00  7.4891E-08 
 0.0000E+00  0.0000E+00  7.4891E-08 
 0.0000E+00  1.7347E-18  7.4891E-08 
 0.0000E+00  0.0000E+00  7.4891E-08 
 1.7347E-18  0.0000E+00  7.4891E-08 
 0.0000E+00  0.0000E+00  7.4891E-08 
-3.3824E-19 -7.3896E-19  7.4891E-08 
 0.0000E+00  0.0000E+00  0.0000E+00 
 0.0000E+00  0.0000E+00  0.0000E+00 
 0.0000E+00  0.0000E+00  0.0000E+00 
 0.0000E+00  0.0000E+00  0.0000E+00 
 0.0000E+00  0.0000E+00  0.0000E+00 
 0.0000E+00  0.0000E+00  0.0000E+00 
 0.0000E+00  0.0000E+00  0.0000E+00 
 0.0000E+00  0.0000E+00  0.0000E+00 
 0.0000E+00  0.0000E+00  0.0000E+00 
 0.0000E+00  0.0000E+00  0.0000E+00 
 0.0000E+00  0.0000E+00  0.0000E+00 
 0.0000E+00  0.0000E+00  0.0000E+00 
 0.0000E+00  0.0000E+00  0.0000E+00 
 0.0000E+00  0.0000E+00  0.0000E+00 
 0.0000E+00  0.0000E+00  0.0000E+00 
 0.0000E+00  0.0000E+00  0.0000E+00 

step = 12     time = 1.63e-06     dt = 1.36e-07
Displacment
 1.5613E-17 -5.6379E-18  0.0000E+00 
 0.0000E+00  0.0000E+00  0.0000E+00 
-4.3368E-18 -5.2042E-18  0.0000E+00 
 0.0000E+00  0.0000E+00  0.0000E+00 
 0.0000E+00  2.3852E-18  0.0000E+00 
 0.0000E+00  0.0000E+00  0.0000E+00 
 4.3368E-19  0.0000E+00  0.0000E+00 
 0.0000E+00  0.0000E+00  0.0000E+00 
-3.4793E-19 -3.6827E-19  0.0000E+00 
 6.9389E-18 -2.1684E-18  0.0000E+00 
 0.0000E+00  0.0000E+00  0.0000E+00 
-8.6736E-19  0.0000E+00  0.0000E+00 
 0.0000E+00  0.0000E+00  0.0000E+00 
 0.0000E+00  1.5179E-18  0.0000E+00 
 0.0000E+00  0.0000E+00  0.0000E+00 
 0.0000E+00  0.0000E+00  0.0000E+00 
 0.0000E+00  0.0000E+00  0.0000E+00 
-1.2255E-19  4.2515E-21  0.0000E+00 
 0.0000E+00  1.0842E-18  8.1699E-08 
 0.0000E+00  0.0000E+00  8.1699E-08 
-3.0358E-18  0.0000E+00  8.1699E-08 
 0.0000E+00  0.0000E+00  8.1699E-08 
 0.0000E+00  2.1684E-18  8.1699E-08 
 0.0000E+00  0.0000E+00  8.1699E-08 
 2.1684E-18  0.0000E+00  8.1699E-08 
 0.0000E+00  0.0000E+00  8.1699E-08 
-3.9696E-19 -8.6726E-19  8.1699E-08 
 0.0000E+00  0.0000E+00  0.0000E+00 
 0.0000E+00  0.0000E+00  0.0000E+00 
 0.0000E+00  0.0000E+00  0.0000E+00 
 0.0000E+00  0.0000E+00  0.0000E+00 
 0.0000E+00  0.0000E+00  0.0000E+00 
 0.0000E+00  0.0000E+00  0.0000E+00 
 0.0000E+00  0.0000E+00  0.0000E+00 
 0.0000E+00  0.0000E+00  0.0000E+00 
 0.0000E+00  0.0000E+00  0.0000E+00 
 0.0000E+00  0.0000E+00  0.0000E+00 
 0.0000E+00  0.0000E+00  0.0000E+00 
 0.0000E+00  0.0000E+00  0.0000E+00 
 0.0000E+00  0.0000E+00  0.0000E+00 
 0.0000E+00  0.0000E+00  0.0000E+00 
 0.0000E+00  0.0000E+00  0.0000E+00 
 0.0000E+00  0.0000E+00  0.0000E+00 

step = 13     time = 1.77e-06     dt = 1.36e-07
Displacment
 1.8215E-17 -6.5052E-18  0.0000E+00 
 0.0000E+00  4.3368E-19  0.0000E+00 
-4.9873E-18 -6.0715E-18  0.0000E+00 
 0.0000E+00  0.0000E+00  0.0000E+00 
 0.0000E+00  2.8189E-18  0.0000E+00 
 0.0000E+00  0.0000E+00  0.0000E+00 
 2.1684E-19  0.0000E+00  0.0000E+00 
 0.0000E+00  0.0000E+00  0.0000E+00 
-3.9050E-19 -4.0227E-19  0.0000E+00 
 7.8063E-18 -2.6021E-18  0.0000E+00 
 0.0000E+00  0.0000E+00  0.0000E+00 
-1.0842E-18  0.0000E+00  0.0000E+00 
 0.0000E+00  0.0000E+00  0.0000E+00 
 0.0000E+00  1.7347E-18  0.0000E+00 
 0.0000E+00  0.0000E+00  0.0000E+00 
 0.0000E+00  0.0000E+00  0.0000E+00 
 0.0000E+00  0.0000E+00  0.0000E+00 
-1.3809E-19  1.3942E-20  0.0000E+00 
 8.6736E-19  1.3010E-18  8.8508E-08 
 0.0000E+00  0.0000E+00  8.8508E-08 
-3.4694E-18  0.0000E+00  8.8508E-08 
 0.0000E+00  0.0000E+00  8.8508E-08 
-8.6736E-19  2.6021E-18  8.8508E-08 
 0.0000E+00  0.0000E+00  8.8508E-08 
 2.6021E-18  0.0000E+00  8.8508E-08 
 0.0000E+00  0.0000E+00  8.8508E-08 
-4.6038E-19 -1.0058E-18  8.8508E-08 
 0.0000E+00  0.0000E+00  0.0000E+00 
 0.0000E+00  0.0000E+00  0.0000E+00 
 0.0000E+00  0.0000E+00  0.0000E+00 
 0.0000E+00  0.0000E+00  0.0000E+00 
 0.0000E+00  0.0000E+00  0.0000E+00 
 0.0000E+00  0.0000E+00  0.0000E+00 
 0.0000E+00  0.0000E+00  0.0000E+00 
 0.0000E+00  0.0000E+00  0.0000E+00 
 0.0000E+00  0.0000E+00  0.0000E+00 
 0.0000E+00  0.0000E+00  0.0000E+00 
 0.0000E+00  0.0000E+00  0.0000E+00 
 0.0000E+00  0.0000E+00  0.0000E+00 
 0.0000E+00  0.0000E+00  0.0000E+00 
 0.0000E+00  0.0000E+00  0.0000E+00 
 0.0000E+00  0.0000E+00  0.0000E+00 
 0.0000E+00  0.0000E+00  0.0000E+00 

step = 14     time = 1.91e-06     dt = 1.36e-07
Displacment
 2.0817E-17 -7.5894E-18  0.0000E+00 
 0.0000E+00  8.6736E-19  0.0000E+00 
-5.6379E-18 -6.9389E-18  0.0000E+00 
 0.0000E+00  0.0000E+00  0.0000E+00 
 0.0000E+00  3.2526E-18  0.0000E+00 
 0.0000E+00  0.0000E+00  0.0000E+00 
 0.0000E+00  0.0000E+00  0.0000E+00 
 0.0000E+00  0.0000E+00  0.0000E+00 
-4.3444E-19 -4.3981E-19  0.0000E+00 
 8.6736E-18 -3.0358E-18  0.0000E+00 
 0.0000E+00  0.0000E+00  0.0000E+00 
-1.3010E-18  0.0000E+00  0.0000E+00 
 0.0000E+00  0.0000E+00  0.0000E+00 
 0.0000E+00  1.9516E-18  0.0000E+00 
 0.0000E+00  0.0000E+00  0.0000E+00 
 0.0000E+00  0.0000E+00  0.0000E+00 
 0.0000E+00  0.0000E+00  0.0000E+00 
-1.5439E-19  2.4566E-20  0.0000E+00 
 1.7347E-18  1.5179E-18  9.5316E-08 
 0.0000E+00  0.0000E+00  9.5316E-08 
-3.9031E-18  0.0000E+00  9.5316E-08 
 0.0000E+00  0.0000E+00  9.5316E-08 
-1.7347E-18  3.0358E-18  9.5316E-08 
 0.0000E+00  0.0000E+00  9.5316E-08 
 3.0358E-18  0.0000E+00  9.5316E-08 
 0.0000E+00  0.0000E+00  9.5316E-08 
-5.2850E-19 -1.1546E-18  9.5316E-08 
 0.0000E+00  0.0000E+00  0.0000E+00 
 0.0000E+00  0.0000E+00  0.0000E+00 
 0.0000E+00  0.0000E+00  0.0000E+00 
 0.0000E+00  0.0000E+00  0.0000E+00 
 0.0000E+00  0.0000E+00  0.0000E+00 
 0.0000E+00  0.0000E+00  0.0000E+00 
 0.0000E+00  0.0000E+00  0.0000E+00 
 0.0000E+00  0.0000E+00  0.0000E+00 
 0.0000E+00  0.0000E+00  0.0000E+00 
 0.0000E+00  0.0000E+00  0.0000E+00 
 0.0000E+00  0.0000E+00  0.0000E+00 
 0.0000E+00  0.0000E+00  0.0000E+00 
 0.0000E+00  0.0000E+00  0.0000E+00 
 0.0000E+00  0.0000E+00  0.0000E+00 
 0.0000E+00  0.0000E+00  0.0000E+00 
 0.0000E+00  0.0000E+00  0.0000E+00 

step = 15     time = 2.04e-06     dt = 1.36e-07
Displacment
 2.3419E-17 -8.6736E-18  0.0000E+00 
 0.0000E+00  1.3010E-18  0.0000E+00 
-6.5052E-18 -7.8063E-18  0.0000E+00 
 0.0000E+00  0.0000E+00  0.0000E+00 
 0.0000E+00  3.6863E-18  0.0000E+00 
 0.0000E+00  0.0000E+00  0.0000E+00 
 0.0000E+00  0.0000E+00  0.0000E+00 
 0.0000E+00  0.0000E+00  0.0000E+00 
-4.7785E-19 -4.7584E-19  0.0000E+00 
 1.0408E-17 -3.4694E-18  0.0000E+00 
 0.0000E+00  0.0000E+00  0.0000E+00 
-1.5179E-18  0.0000E+00  0.0000E+00 
 0.0000E+00  0.0000E+00  0.0000E+00 
 0.0000E+00  2.1684E-18  0.0000E+00 
 0.0000E+00  0.0000E+00  0.0000E+00 
 0.0000E+00  0.0000E+00  0.0000E+00 
 0.0000E+00  0.0000E+00  0.0000E+00 
-1.7129E-19  3.6719E-20  0.0000E+00 
 2.6021E-18  1.7347E-18  1.0212E-07 
 0.0000E+00  0.0000E+00  1.0212E-07 
-4.5536E-18  0.0000E+00  1.0212E-07 
 0.0000E+00  0.0000E+00  1.0212E-07 
-2.6021E-18  3.4694E-18  1.0212E-07 
 0.0000E+00  0.0000E+00  1.0212E-07 
 3.4694E-18  0.0000E+00  1.0212E-07 
 0.0000E+00  0.0000E+00  1.0212E-07 
-6.0132E-19 -1.3137E-18  1.0212E-07 
 0.0000E+00  0.0000E+00  0.0000E+00 
 0.0000E+00  0.0000E+00  0.0000E+00 
 0.0000E+00  0.0000E+00  0.0000E+00 
 0.0000E+00  0.0000E+00  0.0000E+00 
 0.0000E+00  0.0000E+00  0.0000E+00 
 0.0000E+00  0.0000E+00  0.0000E+00 
 0.0000E+00  0.0000E+00  0.0000E+00 
 0.0000E+00  0.0000E+00  0.0000E+00 
 0.0000E+00  0.0000E+00  0.0000E+00 
 0.0000E+00  0.0000E+00  0.0000E+00 
 0.0000E+00  0.0000E+00  0.0000E+00 
 0.0000E+00  0.0000E+00  0.0000E+00 
 0.0000E+00  0.0000E+00  0.0000E+00 
 0.0000E+00  0.0000E+00  0.0000E+00 
 0.0000E+00  0.0000E+00  0.0000E+00 
 0.0000E+00  0.0000E+00  0.0000E+00 

step = 16     time = 2.18e-06     dt = 1.36e-07
Displacment
 2.6021E-17 -9.7578E-18  0.0000E+00 
 0.0000E+00  1.7347E-18  0.0000E+00 
-7.3726E-18 -8.6736E-18  0.0000E+00 
 0.0000E+00  0.0000E+00  0.0000E+00 
 0.0000E+00  4.1200E-18  0.0000E+00 
 0.0000E+00  0.0000E+00  0.0000E+00 
 0.0000E+00  0.0000E+00  0.0000E+00 
 0.0000E+00  0.0000E+00  0.0000E+00 
-5.1941E-19 -5.0912E-19  0.0000E+00 
 1.2143E-17 -3.9031E-18  0.0000E+00 
 0.0000E+00  0.0000E+00  0.0000E+00 
-1.7347E-18 -8.6736E-19  0.0000E+00 
 0.0000E+00  0.0000E+00  0.0000E+00 
 0.0000E+00  2.3852E-18  0.0000E+00 
 0.0000E+00  0.0000E+00  0.0000E+00 
 0.0000E+00  0.0000E+00  0.0000E+00 
 0.0000E+00  0.0000E+00  0.0000E+00 
-1.8914E-19  4.6113E-20  0.0000E+00 
 3.4694E-18  1.9516E-18  1.0893E-07 
 0.0000E+00  0.0000E+00  1.0893E-07 
-5.2042E-18  0.0000E+00  1.0893E-07 
 0.0000E+00  0.0000E+00  1.0893E-07 
-3.4694E-18  3.9031E-18  1.0893E-07 
 0.0000E+00  0.0000E+00  1.0893E-07 
 3.9031E-18  0.0000E+00  1.0893E-07 
 0.0000E+00  0.0000E+00  1.0893E-07 
-6.7883E-19 -1.4831E-18  1.0893E-07 
 0.0000E+00  0.0000E+00  0.0000E+00 
 0.0000E+00  0.0000E+00  0.0000E+00 
 0.0000E+00  0.0000E+00  0.0000E+00 
 0.0000E+00  0.0000E+00  0.0000E+00 
 0.0000E+00  0.0000E+00  0.0000E+00 
 0.0000E+00  0.0000E+00  0.0000E+00 
 0.0000E+00  0.0000E+00  0.0000E+00 
 0.0000E+00  0.0000E+00  0.0000E+00 
 0.0000E+00  0.0000E+00  0.0000E+00 
 0.0000E+00  0.0000E+00  0.0000E+00 
 0.0000E+00  0.0000E+00  0.0000E+00 
 0.0000E+00  0.0000E+00  0.0000E+00 
 0.0000E+00  0.0000E+00  0.0000E+00 
 0.0000E+00  0.0000E+00  0.0000E+00 
 0.0000E+00  0.0000E+00  0.0000E+00 
 0.0000E+00  0.0000E+00  0.0000E+00 

step = 17     time = 2.31e-06     dt = 1.36e-07
Displacment
 2.9490E-17 -1.1059E-17  0.0000E+00 
 0.0000E+00  2.1684E-18  0.0000E+00 
-8.2399E-18 -9.5410E-18  0.0000E+00 
 0.0000E+00  0.0000E+00  0.0000E+00 
 0.0000E+00  4.5536E-18  0.0000E+00 
 0.0000E+00  0.0000E+00  0.0000E+00 
 0.0000E+00  0.0000E+00  0.0000E+00 
 0.0000E+00  0.0000E+00  0.0000E+00 
-5.5968E-19 -5.4206E-19  0.0000E+00 
 1.3878E-17 -4.3368E-18  0.0000E+00 
 0.0000E+00  0.0000E+00  0.0000E+00 
-1.9516E-18 -1.7347E-18  0.0000E+00 
 0.0000E+00  0.0000E+00  0.0000E+00 
 0.0000E+00  2.8189E-18  0.0000E+00 
 0.0000E+00  0.0000E+00  0.0000E+00 
 0.0000E+00  0.0000E+00  0.0000E+00 
 0.0000E+00  0.0000E+00  0.0000E+00 
-2.0823E-19  5.1555E-20  0.0000E+00 
 4.3368E-18  2.1684E-18  1.1574E-07 
 0.0000E+00  0.0000E+00  1.1574E-07 
-5.8547E-18  0.0000E+00  1.1574E-07 
 0.0000E+00  0.0000E+00  1.1574E-07 
-4.3368E-18  4.3368E-18  1.1574E-07 
 0.0000E+00  0.0000E+00  1.1574E-07 
 4.3368E-18  0.0000E+00  1.1574E-07 
 0.0000E+00  0.0000E+00  1.1574E-07 
-7.6104E-19 -1.6627E-18  1.1574E-07 
 0.0000E+00  0.0000E+00  0.0000E+00 
 0.0000E+00  0.0000E+00  0.0000E+00 
 0.0000E+00  0.0000E+00  0.0000E+00 
 0.0000E+00  0.0000E+00  0.0000E+00 
 0.0000E+00  0.0000E+00  0.0000E+00 
 0.0000E+00  0.0000E+00  0.0000E+00 
 0.0000E+00  0.0000E+00  0.0000E+00 
 0.0000E+00  0.0000E+00  0.0000E+00 
 0.0000E+00  0.0000E+00  0.0000E+00 
 0.0000E+00  0.0000E+00  0.0000E+00 
 0.0000E+00  0.0000E+00  0.0000E+00 
 0.0000E+00  0.0000E+00  0.0000E+00 
 0.0000E+00  0.0000E+00  0.0000E+00 
 0.0000E+00  0.0000E+00  0.0000E+00 
 0.0000E+00  0.0000E+00  0.0000E+00 
 0.0000E+00  0.0000E+00  0.0000E+00 

step = 18     time = 2.45e-06     dt = 1.36e-07
Displacment
 3.2960E-17 -1.2360E-17  0.0000E+00 
 0.0000E+00  2.6021E-18  0.0000E+00 
-9.1073E-18 -1.0408E-17  0.0000E+00 
 0.0000E+00  0.0000E+00  0.0000E+00 
 0.0000E+00  5.2042E-18  0.0000E+00 
 0.0000E+00  0.0000E+00  0.0000E+00 
 0.0000E+00  0.0000E+00  0.0000E+00 
 0.0000E+00  0.0000E+00  0.0000E+00 
-5.9790E-19 -5.7371E-19  0.0000E+00 
 1.5613E-17 -4.7705E-18  0.0000E+00 
 0.0000E+00  0.0000E+00  0.0000E+00 
-2.1684E-18 -2.6021E-18 -8.6736E-19 
 0.0000E+00  0.0000E+00  0.0000E+00 
 0.0000E+00  3.2526E-18  0.0000E+00 
 0.0000E+00  0.0000E+00  0.0000E+00 
 0.0000E+00  0.0000E+00  0.0000E+00 
 0.0000E+00  0.0000E+00  0.0000E+00 
-2.2786E-19  5.4545E-20  0.0000E+00 
 5.2042E-18  2.3852E-18  1.2255E-07 
 0.0000E+00  0.0000E+00  1.2255E-07 
-6.5052E-18  0.0000E+00  1.2255E-07 
 0.0000E+00  0.0000E+00  1.2255E-07 
-5.2042E-18  4.7705E-18  1.2255E-07 
 0.0000E+00  0.0000E+00  1.2255E-07 
 4.7705E-18  0.0000E+00  1.2255E-07 
 0.0000E+00  0.0000E+00  1.2255E-07 
-8.4795E-19 -1.8525E-18  1.2255E-07 
 0.0000E+00  0.0000E+00  0.0000E+00 
 0.0000E+00  0.0000E+00  0.0000E+00 
 0.0000E+00  0.0000E+00  0.0000E+00 
 0.0000E+00  0.0000E+00  0.0000E+00 
 0.0000E+00  0.0000E+00  0.0000E+00 
 0.0000E+00  0.0000E+00  0.0000E+00 
 0.0000E+00  0.0000E+00  0.0000E+00 
 0.0000E+00  0.0000E+00  0.0000E+00 
 0.0000E+00  0.0000E+00  0.0000E+00 
 0.0000E+00  0.0000E+00  0.0000E+00 
 0.0000E+00  0.0000E+00  0.0000E+00 
 0.0000E+00  0.0000E+00  0.0000E+00 
 0.0000E+00  0.0000E+00  0.0000E+00 
 0.0000E+00  0.0000E+00  0.0000E+00 
 0.0000E+00  0.0000E+00  0.0000E+00 
 0.0000E+00  0.0000E+00  0.0000E+00 

step = 19     time = 2.59e-06     dt = 1.36e-07
Displacment
 3.6429E-17 -1.3661E-17  0.0000E+00 
 0.0000E+00  3.0358E-18  0.0000E+00 
-1.0192E-17 -1.1276E-17  0.0000E+00 
 0.0000E+00  0.0000E+00  0.0000E+00 
 0.0000E+00  5.8547E-18  0.0000E+00 
 0.0000E+00  0.0000E+00  0.0000E+00 
 0.0000E+00  0.0000E+00  0.0000E+00 
 0.0000E+00  0.0000E+00  0.0000E+00 
-6.3398E-19 -6.0395E-19  0.0000E+00 
 1.7347E-17 -5.2042E-18  0.0000E+00 
 0.0000E+00  0.0000E+00  0.0000E+00 
-2.3852E-18 -3.4694E-18 -1.7347E-18 
 0.0000E+00  0.0000E+00  0.0000E+00 
 0.0000E+00  3.6863E-18  0.0000E+00 
 0.0000E+00  0.0000E+00  0.0000E+00 
 0.0000E+00  0.0000E+00  0.0000E+00 
 0.0000E+00  0.0000E+00  0.0000E+00 
-2.4787E-19  5.5127E-20  0.0000E+00 
 6.0715E-18  2.6021E-18  1.2936E-07 
 0.0000E+00  0.0000E+00  1.2936E-07 
-7.1557E-18  0.0000E+00  1.2936E-07 
 0.0000E+00  0.0000E+00  1.2936E-07 
-6.0715E-18  5.2042E-18  1.2936E-07 
 0.0000E+00  0.0000E+00  1.2936E-07 
 5.2042E-18  0.0000E+00  1.2936E-07 
 0.0000E+00  0.0000E+00  1.2936E-07 
-9.3956E-19 -2.0527E-18  1.2936E-07 
 0.0000E+00  0.0000E+00  0.0000E+00 
 0.0000E+00  0.0000E+00  0.0000E+00 
 0.0000E+00  0.0000E+00  0.0000E+00 
 0.0000E+00  0.0000E+00  0.0000E+00 
 0.0000E+00  0.0000E+00  0.0000E+00 
 0.0000E+00  0.0000E+00  0.0000E+00 
 0.0000E+00  0.0000E+00  0.0000E+00 
 0.0000E+00  0.0000E+00  0.0000E+00 
 0.0000E+00  0.0000E+00  0.0000E+00 
 0.0000E+00  0.0000E+00  0.0000E+00 
 0.0000E+00  0.0000E+00  0.0000E+00 
 0.0000E+00  0.0000E+00  0.0000E+00 
 0.0000E+00  0.0000E+00  0.0000E+00 
 0.0000E+00  0.0000E+00  0.0000E+00 
 0.0000E+00  0.0000E+00  0.0000E+00 
 0.0000E+00  0.0000E+00  0.0000E+00 

step = 20     time = 2.72e-06     dt = 1.36e-07
Displacment
 3.9899E-17 -1.5179E-17  0.0000E+00 
 0.0000E+00  3.4694E-18  0.0000E+00 
-1.1276E-17 -1.3010E-17  0.0000E+00 
 0.0000E+00  0.0000E+00  0.0000E+00 
 0.0000E+00  6.5052E-18  0.0000E+00 
 0.0000E+00  0.0000E+00  0.0000E+00 
 0.0000E+00  0.0000E+00  0.0000E+00 
-4.3368E-19  0.0000E+00  0.0000E+00 
-6.6767E-19 -6.3272E-19  0.0000E+00 
 1.9082E-17 -5.6379E-18  0.0000E+00 
 0.0000E+00  0.0000E+00  0.0000E+00 
-2.6021E-18 -4.3368E-18 -2.6021E-18 
 0.0000E+00  0.0000E+00  0.0000E+00 
 0.0000E+00  4.1200E-18  0.0000E+00 
 0.0000E+00  0.0000E+00  0.0000E+00 
 0.0000E+00  0.0000E+00  0.0000E+00 
 0.0000E+00  0.0000E+00  0.0000E+00 
-2.6810E-19  5.3325E-20  0.0000E+00 
 6.9389E-18  2.8189E-18  1.3617E-07 
 0.0000E+00  0.0000E+00  1.3617E-07 
-7.8063E-18  0.0000E+00  1.3617E-07 
 0.0000E+00  0.0000E+00  1.3617E-07 
-6.9389E-18  5.8547E-18  1.3617E-07 
 0.0000E+00  0.0000E+00  1.3617E-07 
 5.8547E-18  0.0000E+00  1.3617E-07 
 0.0000E+00  0.0000E+00  1.3617E-07 
-1.0359E-18 -2.2631E-18  1.3617E-07 
 0.0000E+00  0.0000E+00  0.0000E+00 
 0.0000E+00  0.0000E+00  0.0000E+00 
 0.0000E+00  0.0000E+00  0.0000E+00 
 0.0000E+00  0.0000E+00  0.0000E+00 
 0.0000E+00  0.0000E+00  0.0000E+00 
 0.0000E+00  0.0000E+00  0.0000E+00 
 0.0000E+00  0.0000E+00  0.0000E+00 
 0.0000E+00  0.0000E+00  0.0000E+00 
 0.0000E+00  0.0000E+00  0.0000E+00 
 0.0000E+00  0.0000E+00  0.0000E+00 
 0.0000E+00  0.0000E+00  0.0000E+00 
 0.0000E+00  0.0000E+00  0.0000E+00 
 0.0000E+00  0.0000E+00  0.0000E+00 
 0.0000E+00  0.0000E+00  0.0000E+00 
 0.0000E+00  0.0000E+00  0.0000E+00 
 0.0000E+00  0.0000E+00  0.0000E+00 

step = 21     time = 2.86e-06     dt = 1.36e-07
Displacment
 4.3368E-17 -1.6697E-17  0.0000E+00 
 0.0000E+00  3.9031E-18  0.0000E+00 
-1.2360E-17 -1.4745E-17  0.0000E+00 
 0.0000E+00  0.0000E+00  0.0000E+00 
 0.0000E+00  7.1557E-18  0.0000E+00 
 0.0000E+00  0.0000E+00  0.0000E+00 
 0.0000E+00  0.0000E+00  0.0000E+00 
-8.6736E-19  0.0000E+00  0.0000E+00 
-6.9830E-19 -6.5753E-19  0.0000E+00 
 2.0817E-17 -6.2884E-18  0.0000E+00 
 0.0000E+00  0.0000E+00  0.0000E+00 
-2.8189E-18 -5.2042E-18 -3.4694E-18 
 0.0000E+00  0.0000E+00  0.0000E+00 
 0.0000E+00  4.5536E-18  0.0000E+00 
 0.0000E+00  0.0000E+00  0.0000E+00 
 0.0000E+00  0.0000E+00  0.0000E+00 
 0.0000E+00  0.0000E+00  0.0000E+00 
-2.8763E-19  5.3646E-20  0.0000E+00 
 7.8063E-18  3.0358E-18  1.4297E-07 
 0.0000E+00  0.0000E+00  1.4297E-07 
-8.6736E-18  0.0000E+00  1.4297E-07 
 0.0000E+00  0.0000E+00  1.4297E-07 
-7.8063E-18  6.5052E-18  1.4297E-07 
 0.0000E+00  0.0000E+00  1.4297E-07 
 6.5052E-18  0.0000E+00  1.4297E-07 
 0.0000E+00  0.0000E+00  1.4297E-07 
-1.1369E-18 -2.4837E-18  1.4297E-07 
 0.0000E+00  0.0000E+00  0.0000E+00 
 0.0000E+00  0.0000E+00  0.0000E+00 
 0.0000E+00  0.0000E+00  0.0000E+00 
 0.0000E+00  0.0000E+00  0.0000E+00 
 0.0000E+00  0.0000E+00  0.0000E+00 
 0.0000E+00  0.0000E+00  0.0000E+00 
 0.0000E+00  0.0000E+00  0.0000E+00 
 0.0000E+00  0.0000E+00  0.0000E+00 
 0.0000E+00  0.0000E+00  0.0000E+00 
 0.0000E+00  0.0000E+00  0.0000E+00 
 0.0000E+00  0.0000E+00  0.0000E+00 
 0.0000E+00  0.0000E+00  0.0000E+00 
 0.0000E+00  0.0000E+00  0.0000E+00 
 0.0000E+00  0.0000E+00  0.0000E+00 
 0.0000E+00  0.0000E+00  0.0000E+00 
 0.0000E+00  0.0000E+00  0.0000E+00 

step = 22     time = 3.00e-06     dt = 1.36e-07
Displacment
 4.7705E-17 -1.8215E-17  0.0000E+00 
 0.0000E+00  4.3368E-18  0.0000E+00 
-1.3444E-17 -1.6480E-17  0.0000E+00 
 0.0000E+00  8.6736E-19  0.0000E+00 
 0.0000E+00  7.8063E-18  0.0000E+00 
 0.0000E+00  0.0000E+00  0.0000E+00 
 0.0000E+00  0.0000E+00  0.0000E+00 
-1.3010E-18  0.0000E+00  0.0000E+00 
-7.2312E-19 -6.7429E-19  0.0000E+00 
 2.2551E-17 -6.9389E-18  0.0000E+00 
 0.0000E+00  0.0000E+00  0.0000E+00 
-3.0358E-18 -6.0715E-18 -4.3368E-18 
 0.0000E+00  0.0000E+00  0.0000E+00 
 0.0000E+00  4.9873E-18  0.0000E+00 
 0.0000E+00  0.0000E+00  0.0000E+00 
 0.0000E+00  0.0000E+00  0.0000E+00 
 0.0000E+00  0.0000E+00  0.0000E+00 
-3.0496E-19  5.7713E-20  0.0000E+00 
 8.6736E-18  3.2526E-18  1.4978E-07 
 0.0000E+00  0.0000E+00  1.4978E-07 
-9.5410E-18  0.0000E+00  1.4978E-07 
 0.0000E+00  0.0000E+00  1.4978E-07 
-8.6736E-18  7.1557E-18  1.4978E-07 
 0.0000E+00  0.0000E+00  1.4978E-07 
 7.1557E-18  0.0000E+00  1.4978E-07 
 0.0000E+00  0.0000E+00  1.4978E-07 
-1.2426E-18 -2.7147E-18  1.4978E-07 
 0.0000E+00  0.0000E+00  0.0000E+00 
 0.0000E+00  0.0000E+00  0.0000E+00 
 0.0000E+00  0.0000E+00  0.0000E+00 
 0.0000E+00  0.0000E+00  0.0000E+00 
 0.0000E+00  0.0000E+00  0.0000E+00 
 0.0000E+00  0.0000E+00  0.0000E+00 
 0.0000E+00  0.0000E+00  0.0000E+00 
 0.0000E+00  0.0000E+00  0.0000E+00 
 0.0000E+00  0.0000E+00  0.0000E+00 
 0.0000E+00  0.0000E+00  0.0000E+00 
 0.0000E+00  0.0000E+00  0.0000E+00 
 0.0000E+00  0.0000E+00  0.0000E+00 
 0.0000E+00  0.0000E+00  0.0000E+00 
 0.0000E+00  0.0000E+00  0.0000E+00 
 0.0000E+00  0.0000E+00  0.0000E+00 
 0.0000E+00  0.0000E+00  0.0000E+00 

step = 23     time = 3.13e-06     dt = 1.36e-07
Displacment
 5.2042E-17 -1.9949E-17  0.0000E+00 
 0.0000E+00  4.7705E-18  0.0000E+00 
-1.4745E-17 -1.8215E-17  0.0000E+00 
 4.3368E-19  1.7347E-18  0.0000E+00 
 0.0000E+00  8.4568E-18  0.0000E+00 
 0.0000E+00  0.0000E+00  0.0000E+00 
 0.0000E+00  0.0000E+00  0.0000E+00 
-1.3010E-18  0.0000E+00  0.0000E+00 
-7.4166E-19 -6.8251E-19  0.0000E+00 
 2.4286E-17 -7.5894E-18  0.0000E+00 
 0.0000E+00  0.0000E+00  0.0000E+00 
-3.2526E-18 -6.9389E-18 -5.2042E-18 
 0.0000E+00  0.0000E+00  0.0000E+00 
 0.0000E+00  5.4210E-18  0.0000E+00 
 0.0000E+00  0.0000E+00  0.0000E+00 
 0.0000E+00  0.0000E+00  0.0000E+00 
 0.0000E+00  0.0000E+00  0.0000E+00 
-3.2051E-19  6.4621E-20  0.0000E+00 
 9.5410E-18  3.4694E-18  1.5659E-07 
 0.0000E+00  0.0000E+00  1.5659E-07 
-1.0408E-17  0.0000E+00  1.5659E-07 
 0.0000E+00  0.0000E+00  1.5659E-07 
-9.5410E-18  7.8063E-18  1.5659E-07 
 0.0000E+00  0.0000E+00  1.5659E-07 
 7.8063E-18  0.0000E+00  1.5659E-07 
 0.0000E+00  0.0000E+00  1.5659E-07 
-1.3530E-18 -2.9559E-18  1.5659E-07 
 0.0000E+00  0.0000E+00  0.0000E+00 
 0.0000E+00  0.0000E+00  0.0000E+00 
 0.0000E+00  0.0000E+00  0.0000E+00 
 0.0000E+00  0.0000E+00  0.0000E+00 
 0.0000E+00  0.0000E+00  0.0000E+00 
 0.0000E+00  0.0000E+00  0.0000E+00 
 0.0000E+00  0.0000E+00  0.0000E+00 
 0.0000E+00  0.0000E+00  0.0000E+00 
 0.0000E+00  0.0000E+00  0.0000E+00 
 0.0000E+00  0.0000E+00  0.0000E+00 
 0.0000E+00  0.0000E+00  0.0000E+00 
 0.0000E+00  0.0000E+00  0.0000E+00 
 0.0000E+00  0.0000E+00  0.0000E+00 
 0.0000E+00  0.0000E+00  0.0000E+00 
 0.0000E+00  0.0000E+00  0.0000E+00 
 0.0000E+00  0.0000E+00  0.0000E+00 

step = 24     time = 3.27e-06     dt = 1.36e-07
Displacment
 5.6379E-17 -2.1684E-17  0.0000E+00 
 0.0000E+00  5.2042E-18  0.0000E+00 
-1.6046E-17 -1.9949E-17  0.0000E+00 
 8.6736E-19  2.6021E-18  0.0000E+00 
 0.0000E+00  9.1073E-18  0.0000E+00 
 0.0000E+00  0.0000E+00  0.0000E+00 
 0.0000E+00  0.0000E+00  0.0000E+00 
-1.3010E-18  0.0000E+00  0.0000E+00 
-7.5379E-19 -6.8217E-19  0.0000E+00 
 2.6021E-17 -8.2399E-18  0.0000E+00 
 0.0000E+00  4.3368E-19  0.0000E+00 
-3.4694E-18 -7.8063E-18 -6.0715E-18 
 0.0000E+00  0.0000E+00  0.0000E+00 
-8.6736E-19  5.8547E-18  0.0000E+00 
 0.0000E+00  0.0000E+00  0.0000E+00 
 0.0000E+00  0.0000E+00  0.0000E+00 
 0.0000E+00  0.0000E+00  0.0000E+00 
-3.3427E-19  7.4374E-20  0.0000E+00 
 1.0408E-17  3.9031E-18  1.6340E-07 
 0.0000E+00  0.0000E+00  1.6340E-07 
-1.1276E-17  0.0000E+00  1.6340E-07 
 0.0000E+00  0.0000E+00  1.6340E-07 
-1.0408E-17  8.4568E-18  1.6340E-07 
 0.0000E+00  0.0000E+00  1.6340E-07 
 8.4568E-18  0.0000E+00  1.6340E-07 
 0.0000E+00  0.0000E+00  1.6340E-07 
-1.4681E-18 -3.2073E-18  1.6340E-07 
 0.0000E+00  0.0000E+00  0.0000E+00 
 0.0000E+00  0.0000E+00  0.0000E+00 
 0.0000E+00  0.0000E+00  0.0000E+00 
 0.0000E+00  0.0000E+00  0.0000E+00 
 0.0000E+00  0.0000E+00  0.0000E+00 
 0.0000E+00  0.0000E+00  0.0000E+00 
 0.0000E+00  0.0000E+00  0.0000E+00 
 0.0000E+00  0.0000E+00  0.0000E+00 
 0.0000E+00  0.0000E+00  0.0000E+00 
 0.0000E+00  0.0000E+00  0.0000E+00 
 0.0000E+00  0.0000E+00  0.0000E+00 
 0.0000E+00  0.0000E+00  0.0000E+00 
 0.0000E+00  0.0000E+00  0.0000E+00 
 0.0000E+00  0.0000E+00  0.0000E+00 
 0.0000E+00  0.0000E+00  0.0000E+00 
 0.0000E+00  0.0000E+00  0.0000E+00 

step = 25     time = 3.40e-06     dt = 1.36e-07
Displacment
 6.0715E-17 -2.3419E-17  0.0000E+00 
 8.6736E-19  5.6379E-18  0.0000E+00 
-1.7347E-17 -2.1684E-17  0.0000E+00 
 1.3010E-18  3.4694E-18  0.0000E+00 
-8.6736E-19  9.9747E-18  0.0000E+00 
 0.0000E+00  0.0000E+00  0.0000E+00 
 0.0000E+00  0.0000E+00  0.0000E+00 
-1.3010E-18  0.0000E+00  0.0000E+00 
-7.5937E-19 -6.7320E-19  0.0000E+00 
 2.7756E-17 -8.8905E-18  0.0000E+00 
 0.0000E+00  8.6736E-19  0.0000E+00 
-3.6863E-18 -8.6736E-18 -6.9389E-18 
 0.0000E+00  0.0000E+00  0.0000E+00 
-1.7347E-18  6.2884E-18  0.0000E+00 
 0.0000E+00  0.0000E+00  0.0000E+00 
 0.0000E+00  0.0000E+00  0.0000E+00 
 0.0000E+00  0.0000E+00  0.0000E+00 
-3.4603E-19  8.7008E-20  0.0000E+00 
 1.1276E-17  4.3368E-18  1.7021E-07 
 0.0000E+00  0.0000E+00  1.7021E-07 
-1.2143E-17  0.0000E+00  1.7021E-07 
 0.0000E+00  0.0000E+00  1.7021E-07 
-1.1276E-17  9.1073E-18  1.7021E-07 
 0.0000E+00  0.0000E+00  1.7021E-07 
 9.1073E-18  0.0000E+00  1.7021E-07 
 0.0000E+00  0.0000E+00  1.7021E-07 
-1.5878E-18 -3.4690E-18  1.7021E-07 
 0.0000E+00  0.0000E+00  0.0000E+00 
 0.0000E+00  0.0000E+00  0.0000E+00 
 0.0000E+00  0.0000E+00  0.0000E+00 
 0.0000E+00  0.0000E+00  0.0000E+00 
 0.0000E+00  0.0000E+00  0.0000E+00 
 0.0000E+00  0.0000E+00  0.0000E+00 
 0.0000E+00  0.0000E+00  0.0000E+00 
 0.0000E+00  0.0000E+00  0.0000E+00 
 0.0000E+00  0.0000E+00  0.0000E+00 
 0.0000E+00  0.0000E+00  0.0000E+00 
 0.0000E+00  0.0000E+00  0.0000E+00 
 0.0000E+00  0.0000E+00  0.0000E+00 
 0.0000E+00  0.0000E+00  0.0000E+00 
 0.0000E+00  0.0000E+00  0.0000E+00 
 0.0000E+00  0.0000E+00  0.0000E+00 
 0.0000E+00  0.0000E+00  0.0000E+00 

step = 26     time = 3.54e-06     dt = 1.36e-07
Displacment
 6.5052E-17 -2.5370E-17  0.0000E+00 
 1.7347E-18  6.0715E-18  0.0000E+00 
-1.8648E-17 -2.3419E-17  0.0000E+00 
 1.7347E-18  4.3368E-18  0.0000E+00 
-1.7347E-18  1.0842E-17  0.0000E+00 
 0.0000E+00  0.0000E+00  0.0000E+00 
 0.0000E+00  0.0000E+00  0.0000E+00 
-1.3010E-18  0.0000E+00  0.0000E+00 
-7.5843E-19 -6.5554E-19  0.0000E+00 
 3.0358E-17 -9.5410E-18  0.0000E+00 
 0.0000E+00  1.3010E-18  0.0000E+00 
-4.1200E-18 -9.5410E-18 -7.8063E-18 
 0.0000E+00  0.0000E+00  0.0000E+00 
-2.6021E-18  6.7221E-18  0.0000E+00 
 0.0000E+00  0.0000E+00  0.0000E+00 
 0.0000E+00  0.0000E+00  0.0000E+00 
 0.0000E+00  0.0000E+00  0.0000E+00 
-3.5580E-19  1.0250E-19  0.0000E+00 
 1.2143E-17  4.7705E-18  1.7702E-07 
 8.6736E-19  0.0000E+00  1.7702E-07 
-1.3227E-17  0.0000E+00  1.7702E-07 
 0.0000E+00  0.0000E+00  1.7702E-07 
-1.2143E-17  9.7578E-18  1.7702E-07 
 0.0000E+00  0.0000E+00  1.7702E-07 
 9.7578E-18  0.0000E+00  1.7702E-07 
-4.3368E-19  0.0000E+00  1.7702E-07 
-1.7123E-18 -3.7410E-18  1.7702E-07 
 0.0000E+00  0.0000E+00  0.0000E+00 
 0.0000E+00  0.0000E+00  0.0000E+00 
 0.0000E+00  0.0000E+00  0.0000E+00 
 0.0000E+00  0.0000E+00  0.0000E+00 
 0.0000E+00  0.0000E+00  0.0000E+00 
 0.0000E+00  0.0000E+00  0.0000E+00 
 0.0000E+00  0.0000E+00  0.0000E+00 
 0.0000E+00  0.0000E+00  0.0000E+00 
 0.0000E+00  0.0000E+00  0.0000E+00 
 0.0000E+00  0.0000E+00  0.0000E+00 
 0.0000E+00  0.0000E+00  0.0000E+00 
 0.0000E+00  0.0000E+00  0.0000E+00 
 0.0000E+00  0.0000E+00  0.0000E+00 
 0.0000E+00  0.0000E+00  0.0000E+00 
 0.0000E+00  0.0000E+00  0.0000E+00 
 0.0000E+00  0.0000E+00  0.0000E+00 

step = 27     time = 3.68e-06     dt = 1.36e-07
Displacment
 7.0256E-17 -2.7322E-17  0.0000E+00 
 2.6021E-18  6.5052E-18  0.0000E+00 
-1.9949E-17 -2.5153E-17  0.0000E+00 
 2.1684E-18  5.2042E-18  0.0000E+00 
-2.6021E-18  1.1709E-17  0.0000E+00 
 0.0000E+00  0.0000E+00  0.0000E+00 
 0.0000E+00  0.0000E+00  0.0000E+00 
-1.3010E-18  0.0000E+00  0.0000E+00 
-7.5110E-19 -6.2924E-19  0.0000E+00 
 3.2960E-17 -1.0192E-17  0.0000E+00 
 0.0000E+00  1.7347E-18  0.0000E+00 
-4.5536E-18 -1.0408E-17 -8.6736E-18 
 0.0000E+00  0.0000E+00  0.0000E+00 
-3.4694E-18  7.1557E-18  0.0000E+00 
 0.0000E+00  0.0000E+00  0.0000E+00 
 0.0000E+00  0.0000E+00  0.0000E+00 
 0.0000E+00  0.0000E+00  0.0000E+00 
-3.6357E-19  1.2085E-19  0.0000E+00 
 1.3010E-17  5.2042E-18  1.8382E-07 
 1.7347E-18  0.0000E+00  1.8382E-07 
-1.4311E-17  0.0000E+00  1.8382E-07 
 0.0000E+00  0.0000E+00  1.8382E-07 
-1.3010E-17  1.0408E-17  1.8382E-07 
 0.0000E+00  0.0000E+00  1.8382E-07 
 1.0408E-17  0.0000E+00  1.8382E-07 
-8.6736E-19  0.0000E+00  1.8382E-07 
-1.8415E-18 -4.0233E-18  1.8382E-07 
 0.0000E+00  0.0000E+00  0.0000E+00 
 0.0000E+00  0.0000E+00  0.0000E+00 
 0.0000E+00  0.0000E+00  0.0000E+00 
 0.0000E+00  0.0000E+00  0.0000E+00 
 0.0000E+00  0.0000E+00  0.0000E+00 
 0.0000E+00  0.0000E+00  0.0000E+00 
 0.0000E+00  0.0000E+00  0.0000E+00 
 0.0000E+00  0.0000E+00  0.0000E+00 
 0.0000E+00  0.0000E+00  0.0000E+00 
 0.0000E+00  0.0000E+00  0.0000E+00 
 0.0000E+00  0.0000E+00  0.0000E+00 
 0.0000E+00  0.0000E+00  0.0000E+00 
 0.0000E+00  0.0000E+00  0.0000E+00 
 0.0000E+00  0.0000E+00  0.0000E+00 
 0.0000E+00  0.0000E+00  0.0000E+00 
 0.0000E+00  0.0000E+00  0.0000E+00 

step = 28     time = 3.81e-06     dt = 1.36e-07
Displacment
 7.5460E-17 -2.9273E-17  0.0000E+00 
 3.4694E-18  6.9389E-18  0.0000E+00 
-2.1467E-17 -2.6888E-17  0.0000E+00 
 2.6021E-18  6.0715E-18  0.0000E+00 
-3.4694E-18  1.2577E-17  0.0000E+00 
 0.0000E+00  0.0000E+00  0.0000E+00 
-2.1684E-19  0.0000E+00  0.0000E+00 
-1.3010E-18  0.0000E+00  0.0000E+00 
-7.3744E-19 -5.9430E-19  0.0000E+00 
 3.5562E-17 -1.0842E-17  0.0000E+00 
 0.0000E+00  2.1684E-18  0.0000E+00 
-4.9873E-18 -1.1276E-17 -9.5410E-18 
 0.0000E+00  0.0000E+00  0.0000E+00 
-4.3368E-18  7.8063E-18  0.0000E+00 
 0.0000E+00  0.0000E+00  0.0000E+00 
 0.0000E+00  0.0000E+00  0.0000E+00 
 0.0000E+00  0.0000E+00  0.0000E+00 
-3.6942E-19  1.4203E-19  0.0000E+00 
 1.3878E-17  5.6379E-18  1.9063E-07 
 2.6021E-18  0.0000E+00  1.9063E-07 
-1.5396E-17  0.0000E+00  1.9063E-07 
 0.0000E+00  0.0000E+00  1.9063E-07 
-1.3878E-17  1.1059E-17  1.9063E-07 
 0.0000E+00  0.0000E+00  1.9063E-07 
 1.1276E-17  0.0000E+00  1.9063E-07 
-1.3010E-18  0.0000E+00  1.9063E-07 
-1.9754E-18 -4.3158E-18  1.9063E-07 
 0.0000E+00  0.0000E+00  0.0000E+00 
 0.0000E+00  0.0000E+00  0.0000E+00 
 0.0000E+00  0.0000E+00  0.0000E+00 
 0.0000E+00  0.0000E+00  0.0000E+00 
 0.0000E+00  0.0000E+00  0.0000E+00 
 0.0000E+00  0.0000E+00  0.0000E+00 
 0.0000E+00  0.0000E+00  0.0000E+00 
 0.0000E+00  0.0000E+00  0.0000E+00 
 0.0000E+00  0.0000E+00  0.0000E+00 
 0.0000E+00  0.0000E+00  0.0000E+00 
 0.0000E+00  0.0000E+00  0.0000E+00 
 0.0000E+00  0.0000E+00  0.0000E+00 
 0.0000E+00  0.0000E+00  0.0000E+00 
 0.0000E+00  0.0000E+00  0.0000E+00 
 0.0000E+00  0.0000E+00  0.0000E+00 
 0.0000E+00  0.0000E+00  0.0000E+00 

step = 29     time = 3.95e-06     dt = 1.36e-07
Displacment
 8.0665E-17 -3.1442E-17  0.0000E+00 
 4.3368E-18  7.3726E-18  0.0000E+00 
-2.2985E-17 -2.8623E-17  0.0000E+00 
 3.0358E-18  6.9389E-18  0.0000E+00 
-4.3368E-18  1.3444E-17  0.0000E+00 
 0.0000E+00  0.0000E+00  0.0000E+00 
-4.3368E-19  0.0000E+00  0.0000E+00 
-1.3010E-18  0.0000E+00  0.0000E+00 
-7.1844E-19 -5.5151E-19  0.0000E+00 
 3.8164E-17 -1.1709E-17  0.0000E+00 
 0.0000E+00  2.6021E-18  0.0000E+00 
-5.4210E-18 -1.2143E-17 -1.0408E-17 
 0.0000E+00  0.0000E+00  0.0000E+00 
-5.2042E-18  8.4568E-18  0.0000E+00 
 0.0000E+00  0.0000E+00  0.0000E+00 
 0.0000E+00  0.0000E+00  0.0000E+00 
 0.0000E+00  0.0000E+00  0.0000E+00 
-3.7361E-19  1.6510E-19  0.0000E+00 
 1.4745E-17  6.0715E-18  1.9744E-07 
 3.4694E-18  0.0000E+00  1.9744E-07 
-1.6480E-17  0.0000E+00  1.9744E-07 
 0.0000E+00  0.0000E+00  1.9744E-07 
-1.4745E-17  1.1926E-17  1.9744E-07 
 0.0000E+00  0.0000E+00  1.9744E-07 
 1.2143E-17  0.0000E+00  1.9744E-07 
-1.7347E-18  0.0000E+00  1.9744E-07 
-2.1140E-18 -4.6185E-18  1.9744E-07 
 0.0000E+00  0.0000E+00  0.0000E+00 
 0.0000E+00  0.0000E+00  0.0000E+00 
 0.0000E+00  0.0000E+00  0.0000E+00 
 0.0000E+00  0.0000E+00  0.0000E+00 
 0.0000E+00  0.0000E+00  0.0000E+00 
 0.0000E+00  0.0000E+00  0.0000E+00 
 0.0000E+00  0.0000E+00  0.0000E+00 
 0.0000E+00  0.0000E+00  0.0000E+00 
 0.0000E+00  0.0000E+00  0.0000E+00 
 0.0000E+00  0.0000E+00  0.0000E+00 
 0.0000E+00  0.0000E+00  0.0000E+00 
 0.0000E+00  0.0000E+00  0.0000E+00 
 0.0000E+00  0.0000E+00  0.0000E+00 
 0.0000E+00  0.0000E+00  0.0000E+00 
 0.0000E+00  0.0000E+00  0.0000E+00 
 0.0000E+00  0.0000E+00  0.0000E+00 

step = 30     time = 4.08e-06     dt = 1.36e-07
Displacment
 8.5869E-17 -3.3610E-17  0.0000E+00 
 5.2042E-18  7.8063E-18  0.0000E+00 
-2.4503E-17 -3.0358E-17  0.0000E+00 
 3.4694E-18  7.8063E-18  0.0000E+00 
-5.2042E-18  1.4311E-17  0.0000E+00 
 0.0000E+00  0.0000E+00  0.0000E+00 
-6.5052E-19  0.0000E+00  0.0000E+00 
-1.3010E-18  0.0000E+00  0.0000E+00 
-6.9483E-19 -5.0118E-19  0.0000E+00 
 4.0766E-17 -1.2577E-17  0.0000E+00 
 0.0000E+00  3.0358E-18  0.0000E+00 
-5.8547E-18 -1.3010E-17 -1.1276E-17 
 0.0000E+00  0.0000E+00  0.0000E+00 
-6.0715E-18  9.1073E-18  0.0000E+00 
 0.0000E+00  0.0000E+00  0.0000E+00 
 0.0000E+00  0.0000E+00  0.0000E+00 
 0.0000E+00  0.0000E+00  0.0000E+00 
-3.7648E-19  1.9002E-19  0.0000E+00 
 1.5613E-17  6.5052E-18  2.0425E-07 
 4.3368E-18  0.0000E+00  2.0425E-07 
-1.7564E-17  0.0000E+00  2.0425E-07 
 0.0000E+00  0.0000E+00  2.0425E-07 
-1.5613E-17  1.2794E-17  2.0425E-07 
 0.0000E+00  0.0000E+00  2.0425E-07 
 1.3010E-17  0.0000E+00  2.0425E-07 
-2.1684E-18  0.0000E+00  2.0425E-07 
-2.2573E-18 -4.9316E-18  2.0425E-07 
 0.0000E+00  0.0000E+00  0.0000E+00 
 0.0000E+00  0.0000E+00  0.0000E+00 
 0.0000E+00  0.0000E+00  0.0000E+00 
 0.0000E+00  0.0000E+00  0.0000E+00 
 0.0000E+00  0.0000E+00  0.0000E+00 
 0.0000E+00  0.0000E+00  0.0000E+00 
 0.0000E+00  0.0000E+00  0.0000E+00 
 0.0000E+00  0.0000E+00  0.0000E+00 
 0.0000E+00  0.0000E+00  0.0000E+00 
 0.0000E+00  0.0000E+00  0.0000E+00 
 0.0000E+00  0.0000E+00  0.0000E+00 
 0.0000E+00  0.0000E+00  0.0000E+00 
 0.0000E+00  0.0000E+00  0.0000E+00 
 0.0000E+00  0.0000E+00  0.0000E+00 
 0.0000E+00  0.0000E+00  0.0000E+00 
 0.0000E+00  0.0000E+00  0.0000E+00 
