Cantilever elastic/plastic behavior
hexa8
567
1 0      0.000      2.000      0.000
2 0      0.000      1.000      0.000
3 0      0.000      0.000      0.000
4 0      8.000      2.000      0.000
5 0      8.000      1.000      0.000
6 0      8.000      0.000      0.000
7 0     16.000      2.000      0.000
8 0     16.000      1.000      0.000
9 0     16.000      0.000      0.000
10 0     24.000      2.000      0.000
11 0     24.000      1.000      0.000
12 0     24.000      0.000      0.000
13 0     32.000      2.000      0.000
14 0     32.000      1.000      0.000
15 0     32.000      0.000      0.000
16 0     40.000      2.000      0.000
17 0     40.000      1.000      0.000
18 0     40.000      0.000      0.000
19 0     48.000      2.000      0.000
20 0     48.000      1.000      0.000
21 0     48.000      0.000      0.000
22 0     56.000      2.000      0.000
23 0     56.000      1.000      0.000
24 0     56.000      0.000      0.000
25 0     64.000      2.000      0.000
26 0     64.000      1.000      0.000
27 0     64.000      0.000      0.000
28 0     72.000      2.000      0.000
29 0     72.000      1.000      0.000
30 0     72.000      0.000      0.000
31 0     80.000      2.000      0.000
32 0     80.000      1.000      0.000
33 0     80.000      0.000      0.000
34 0     88.000      2.000      0.000
35 0     88.000      1.000      0.000
36 0     88.000      0.000      0.000
37 0     96.000      2.000      0.000
38 0     96.000      1.000      0.000
39 0     96.000      0.000      0.000
40 0    104.000      2.000      0.000
41 0    104.000      1.000      0.000
42 0    104.000      0.000      0.000
43 0    112.000      2.000      0.000
44 0    112.000      1.000      0.000
45 0    112.000      0.000      0.000
46 0    120.000      2.000      0.000
47 0    120.000      1.000      0.000
48 0    120.000      0.000      0.000
49 0    128.000      2.000      0.000
50 0    128.000      1.000      0.000
51 0    128.000      0.000      0.000
52 0    136.000      2.000      0.000
53 0    136.000      1.000      0.000
54 0    136.000      0.000      0.000
55 0    144.000      2.000      0.000
56 0    144.000      1.000      0.000
57 0    144.000      0.000      0.000
58 0    152.000      2.000      0.000
59 0    152.000      1.000      0.000
60 0    152.000      0.000      0.000
61 7    160.000      2.000      0.000
62 7    160.000      1.000      0.000
63 7    160.000      0.000      0.000
64 0      0.000      2.000      1.000
65 0      0.000      1.000      1.000
66 0      0.000      0.000      1.000
67 0      8.000      2.000      1.000
68 0      8.000      1.000      1.000
69 0      8.000      0.000      1.000
70 0     16.000      2.000      1.000
71 0     16.000      1.000      1.000
72 0     16.000      0.000      1.000
73 0     24.000      2.000      1.000
74 0     24.000      1.000      1.000
75 0     24.000      0.000      1.000
76 0     32.000      2.000      1.000
77 0     32.000      1.000      1.000
78 0     32.000      0.000      1.000
79 0     40.000      2.000      1.000
80 0     40.000      1.000      1.000
81 0     40.000      0.000      1.000
82 0     48.000      2.000      1.000
83 0     48.000      1.000      1.000
84 0     48.000      0.000      1.000
85 0     56.000      2.000      1.000
86 0     56.000      1.000      1.000
87 0     56.000      0.000      1.000
88 0     64.000      2.000      1.000
89 0     64.000      1.000      1.000
90 0     64.000      0.000      1.000
91 0     72.000      2.000      1.000
92 0     72.000      1.000      1.000
93 0     72.000      0.000      1.000
94 0     80.000      2.000      1.000
95 0     80.000      1.000      1.000
96 0     80.000      0.000      1.000
97 0     88.000      2.000      1.000
98 0     88.000      1.000      1.000
99 0     88.000      0.000      1.000
100 0     96.000      2.000      1.000
101 0     96.000      1.000      1.000
102 0     96.000      0.000      1.000
103 0    104.000      2.000      1.000
104 0    104.000      1.000      1.000
105 0    104.000      0.000      1.000
106 0    112.000      2.000      1.000
107 0    112.000      1.000      1.000
108 0    112.000      0.000      1.000
109 0    120.000      2.000      1.000
110 0    120.000      1.000      1.000
111 0    120.000      0.000      1.000
112 0    128.000      2.000      1.000
113 0    128.000      1.000      1.000
114 0    128.000      0.000      1.000
115 0    136.000      2.000      1.000
116 0    136.000      1.000      1.000
117 0    136.000      0.000      1.000
118 0    144.000      2.000      1.000
119 0    144.000      1.000      1.000
120 0    144.000      0.000      1.000
121 0    152.000      2.000      1.000
122 0    152.000      1.000      1.000
123 0    152.000      0.000      1.000
124 7    160.000      2.000      1.000
125 7    160.000      1.000      1.000
126 7    160.000      0.000      1.000
127 0      0.000      2.000      2.000
128 0      0.000      1.000      2.000
129 0      0.000      0.000      2.000
130 0      8.000      2.000      2.000
131 0      8.000      1.000      2.000
132 0      8.000      0.000      2.000
133 0     16.000      2.000      2.000
134 0     16.000      1.000      2.000
135 0     16.000      0.000      2.000
136 0     24.000      2.000      2.000
137 0     24.000      1.000      2.000
138 0     24.000      0.000      2.000
139 0     32.000      2.000      2.000
140 0     32.000      1.000      2.000
141 0     32.000      0.000      2.000
142 0     40.000      2.000      2.000
143 0     40.000      1.000      2.000
144 0     40.000      0.000      2.000
145 0     48.000      2.000      2.000
146 0     48.000      1.000      2.000
147 0     48.000      0.000      2.000
148 0     56.000      2.000      2.000
149 0     56.000      1.000      2.000
150 0     56.000      0.000      2.000
151 0     64.000      2.000      2.000
152 0     64.000      1.000      2.000
153 0     64.000      0.000      2.000
154 0     72.000      2.000      2.000
155 0     72.000      1.000      2.000
156 0     72.000      0.000      2.000
157 0     80.000      2.000      2.000
158 0     80.000      1.000      2.000
159 0     80.000      0.000      2.000
160 0     88.000      2.000      2.000
161 0     88.000      1.000      2.000
162 0     88.000      0.000      2.000
163 0     96.000      2.000      2.000
164 0     96.000      1.000      2.000
165 0     96.000      0.000      2.000
166 0    104.000      2.000      2.000
167 0    104.000      1.000      2.000
168 0    104.000      0.000      2.000
169 0    112.000      2.000      2.000
170 0    112.000      1.000      2.000
171 0    112.000      0.000      2.000
172 0    120.000      2.000      2.000
173 0    120.000      1.000      2.000
174 0    120.000      0.000      2.000
175 0    128.000      2.000      2.000
176 0    128.000      1.000      2.000
177 0    128.000      0.000      2.000
178 0    136.000      2.000      2.000
179 0    136.000      1.000      2.000
180 0    136.000      0.000      2.000
181 0    144.000      2.000      2.000
182 0    144.000      1.000      2.000
183 0    144.000      0.000      2.000
184 0    152.000      2.000      2.000
185 0    152.000      1.000      2.000
186 0    152.000      0.000      2.000
187 7    160.000      2.000      2.000
188 7    160.000      1.000      2.000
189 7    160.000      0.000      2.000
190 0      0.000      2.000      3.000
191 0      0.000      1.000      3.000
192 0      0.000      0.000      3.000
193 0      8.000      2.000      3.000
194 0      8.000      1.000      3.000
195 0      8.000      0.000      3.000
196 0     16.000      2.000      3.000
197 0     16.000      1.000      3.000
198 0     16.000      0.000      3.000
199 0     24.000      2.000      3.000
200 0     24.000      1.000      3.000
201 0     24.000      0.000      3.000
202 0     32.000      2.000      3.000
203 0     32.000      1.000      3.000
204 0     32.000      0.000      3.000
205 0     40.000      2.000      3.000
206 0     40.000      1.000      3.000
207 0     40.000      0.000      3.000
208 0     48.000      2.000      3.000
209 0     48.000      1.000      3.000
210 0     48.000      0.000      3.000
211 0     56.000      2.000      3.000
212 0     56.000      1.000      3.000
213 0     56.000      0.000      3.000
214 0     64.000      2.000      3.000
215 0     64.000      1.000      3.000
216 0     64.000      0.000      3.000
217 0     72.000      2.000      3.000
218 0     72.000      1.000      3.000
219 0     72.000      0.000      3.000
220 0     80.000      2.000      3.000
221 0     80.000      1.000      3.000
222 0     80.000      0.000      3.000
223 0     88.000      2.000      3.000
224 0     88.000      1.000      3.000
225 0     88.000      0.000      3.000
226 0     96.000      2.000      3.000
227 0     96.000      1.000      3.000
228 0     96.000      0.000      3.000
229 0    104.000      2.000      3.000
230 0    104.000      1.000      3.000
231 0    104.000      0.000      3.000
232 0    112.000      2.000      3.000
233 0    112.000      1.000      3.000
234 0    112.000      0.000      3.000
235 0    120.000      2.000      3.000
236 0    120.000      1.000      3.000
237 0    120.000      0.000      3.000
238 0    128.000      2.000      3.000
239 0    128.000      1.000      3.000
240 0    128.000      0.000      3.000
241 0    136.000      2.000      3.000
242 0    136.000      1.000      3.000
243 0    136.000      0.000      3.000
244 0    144.000      2.000      3.000
245 0    144.000      1.000      3.000
246 0    144.000      0.000      3.000
247 0    152.000      2.000      3.000
248 0    152.000      1.000      3.000
249 0    152.000      0.000      3.000
250 7    160.000      2.000      3.000
251 7    160.000      1.000      3.000
252 7    160.000      0.000      3.000
253 0      0.000      2.000      4.000
254 0      0.000      1.000      4.000
255 0      0.000      0.000      4.000
256 0      8.000      2.000      4.000
257 0      8.000      1.000      4.000
258 0      8.000      0.000      4.000
259 0     16.000      2.000      4.000
260 0     16.000      1.000      4.000
261 0     16.000      0.000      4.000
262 0     24.000      2.000      4.000
263 0     24.000      1.000      4.000
264 0     24.000      0.000      4.000
265 0     32.000      2.000      4.000
266 0     32.000      1.000      4.000
267 0     32.000      0.000      4.000
268 0     40.000      2.000      4.000
269 0     40.000      1.000      4.000
270 0     40.000      0.000      4.000
271 0     48.000      2.000      4.000
272 0     48.000      1.000      4.000
273 0     48.000      0.000      4.000
274 0     56.000      2.000      4.000
275 0     56.000      1.000      4.000
276 0     56.000      0.000      4.000
277 0     64.000      2.000      4.000
278 0     64.000      1.000      4.000
279 0     64.000      0.000      4.000
280 0     72.000      2.000      4.000
281 0     72.000      1.000      4.000
282 0     72.000      0.000      4.000
283 0     80.000      2.000      4.000
284 0     80.000      1.000      4.000
285 0     80.000      0.000      4.000
286 0     88.000      2.000      4.000
287 0     88.000      1.000      4.000
288 0     88.000      0.000      4.000
289 0     96.000      2.000      4.000
290 0     96.000      1.000      4.000
291 0     96.000      0.000      4.000
292 0    104.000      2.000      4.000
293 0    104.000      1.000      4.000
294 0    104.000      0.000      4.000
295 0    112.000      2.000      4.000
296 0    112.000      1.000      4.000
297 0    112.000      0.000      4.000
298 0    120.000      2.000      4.000
299 0    120.000      1.000      4.000
300 0    120.000      0.000      4.000
301 0    128.000      2.000      4.000
302 0    128.000      1.000      4.000
303 0    128.000      0.000      4.000
304 0    136.000      2.000      4.000
305 0    136.000      1.000      4.000
306 0    136.000      0.000      4.000
307 0    144.000      2.000      4.000
308 0    144.000      1.000      4.000
309 0    144.000      0.000      4.000
310 0    152.000      2.000      4.000
311 0    152.000      1.000      4.000
312 0    152.000      0.000      4.000
313 7    160.000      2.000      4.000
314 7    160.000      1.000      4.000
315 7    160.000      0.000      4.000
316 0      0.000      2.000      5.000
317 0      0.000      1.000      5.000
318 0      0.000      0.000      5.000
319 0      8.000      2.000      5.000
320 0      8.000      1.000      5.000
321 0      8.000      0.000      5.000
322 0     16.000      2.000      5.000
323 0     16.000      1.000      5.000
324 0     16.000      0.000      5.000
325 0     24.000      2.000      5.000
326 0     24.000      1.000      5.000
327 0     24.000      0.000      5.000
328 0     32.000      2.000      5.000
329 0     32.000      1.000      5.000
330 0     32.000      0.000      5.000
331 0     40.000      2.000      5.000
332 0     40.000      1.000      5.000
333 0     40.000      0.000      5.000
334 0     48.000      2.000      5.000
335 0     48.000      1.000      5.000
336 0     48.000      0.000      5.000
337 0     56.000      2.000      5.000
338 0     56.000      1.000      5.000
339 0     56.000      0.000      5.000
340 0     64.000      2.000      5.000
341 0     64.000      1.000      5.000
342 0     64.000      0.000      5.000
343 0     72.000      2.000      5.000
344 0     72.000      1.000      5.000
345 0     72.000      0.000      5.000
346 0     80.000      2.000      5.000
347 0     80.000      1.000      5.000
348 0     80.000      0.000      5.000
349 0     88.000      2.000      5.000
350 0     88.000      1.000      5.000
351 0     88.000      0.000      5.000
352 0     96.000      2.000      5.000
353 0     96.000      1.000      5.000
354 0     96.000      0.000      5.000
355 0    104.000      2.000      5.000
356 0    104.000      1.000      5.000
357 0    104.000      0.000      5.000
358 0    112.000      2.000      5.000
359 0    112.000      1.000      5.000
360 0    112.000      0.000      5.000
361 0    120.000      2.000      5.000
362 0    120.000      1.000      5.000
363 0    120.000      0.000      5.000
364 0    128.000      2.000      5.000
365 0    128.000      1.000      5.000
366 0    128.000      0.000      5.000
367 0    136.000      2.000      5.000
368 0    136.000      1.000      5.000
369 0    136.000      0.000      5.000
370 0    144.000      2.000      5.000
371 0    144.000      1.000      5.000
372 0    144.000      0.000      5.000
373 0    152.000      2.000      5.000
374 0    152.000      1.000      5.000
375 0    152.000      0.000      5.000
376 7    160.000      2.000      5.000
377 7    160.000      1.000      5.000
378 7    160.000      0.000      5.000
379 0      0.000      2.000      6.000
380 0      0.000      1.000      6.000
381 0      0.000      0.000      6.000
382 0      8.000      2.000      6.000
383 0      8.000      1.000      6.000
384 0      8.000      0.000      6.000
385 0     16.000      2.000      6.000
386 0     16.000      1.000      6.000
387 0     16.000      0.000      6.000
388 0     24.000      2.000      6.000
389 0     24.000      1.000      6.000
390 0     24.000      0.000      6.000
391 0     32.000      2.000      6.000
392 0     32.000      1.000      6.000
393 0     32.000      0.000      6.000
394 0     40.000      2.000      6.000
395 0     40.000      1.000      6.000
396 0     40.000      0.000      6.000
397 0     48.000      2.000      6.000
398 0     48.000      1.000      6.000
399 0     48.000      0.000      6.000
400 0     56.000      2.000      6.000
401 0     56.000      1.000      6.000
402 0     56.000      0.000      6.000
403 0     64.000      2.000      6.000
404 0     64.000      1.000      6.000
405 0     64.000      0.000      6.000
406 0     72.000      2.000      6.000
407 0     72.000      1.000      6.000
408 0     72.000      0.000      6.000
409 0     80.000      2.000      6.000
410 0     80.000      1.000      6.000
411 0     80.000      0.000      6.000
412 0     88.000      2.000      6.000
413 0     88.000      1.000      6.000
414 0     88.000      0.000      6.000
415 0     96.000      2.000      6.000
416 0     96.000      1.000      6.000
417 0     96.000      0.000      6.000
418 0    104.000      2.000      6.000
419 0    104.000      1.000      6.000
420 0    104.000      0.000      6.000
421 0    112.000      2.000      6.000
422 0    112.000      1.000      6.000
423 0    112.000      0.000      6.000
424 0    120.000      2.000      6.000
425 0    120.000      1.000      6.000
426 0    120.000      0.000      6.000
427 0    128.000      2.000      6.000
428 0    128.000      1.000      6.000
429 0    128.000      0.000      6.000
430 0    136.000      2.000      6.000
431 0    136.000      1.000      6.000
432 0    136.000      0.000      6.000
433 0    144.000      2.000      6.000
434 0    144.000      1.000      6.000
435 0    144.000      0.000      6.000
436 0    152.000      2.000      6.000
437 0    152.000      1.000      6.000
438 0    152.000      0.000      6.000
439 7    160.000      2.000      6.000
440 7    160.000      1.000      6.000
441 7    160.000      0.000      6.000
442 0      0.000      2.000      7.000
443 0      0.000      1.000      7.000
444 0      0.000      0.000      7.000
445 0      8.000      2.000      7.000
446 0      8.000      1.000      7.000
447 0      8.000      0.000      7.000
448 0     16.000      2.000      7.000
449 0     16.000      1.000      7.000
450 0     16.000      0.000      7.000
451 0     24.000      2.000      7.000
452 0     24.000      1.000      7.000
453 0     24.000      0.000      7.000
454 0     32.000      2.000      7.000
455 0     32.000      1.000      7.000
456 0     32.000      0.000      7.000
457 0     40.000      2.000      7.000
458 0     40.000      1.000      7.000
459 0     40.000      0.000      7.000
460 0     48.000      2.000      7.000
461 0     48.000      1.000      7.000
462 0     48.000      0.000      7.000
463 0     56.000      2.000      7.000
464 0     56.000      1.000      7.000
465 0     56.000      0.000      7.000
466 0     64.000      2.000      7.000
467 0     64.000      1.000      7.000
468 0     64.000      0.000      7.000
469 0     72.000      2.000      7.000
470 0     72.000      1.000      7.000
471 0     72.000      0.000      7.000
472 0     80.000      2.000      7.000
473 0     80.000      1.000      7.000
474 0     80.000      0.000      7.000
475 0     88.000      2.000      7.000
476 0     88.000      1.000      7.000
477 0     88.000      0.000      7.000
478 0     96.000      2.000      7.000
479 0     96.000      1.000      7.000
480 0     96.000      0.000      7.000
481 0    104.000      2.000      7.000
482 0    104.000      1.000      7.000
483 0    104.000      0.000      7.000
484 0    112.000      2.000      7.000
485 0    112.000      1.000      7.000
486 0    112.000      0.000      7.000
487 0    120.000      2.000      7.000
488 0    120.000      1.000      7.000
489 0    120.000      0.000      7.000
490 0    128.000      2.000      7.000
491 0    128.000      1.000      7.000
492 0    128.000      0.000      7.000
493 0    136.000      2.000      7.000
494 0    136.000      1.000      7.000
495 0    136.000      0.000      7.000
496 0    144.000      2.000      7.000
497 0    144.000      1.000      7.000
498 0    144.000      0.000      7.000
499 0    152.000      2.000      7.000
500 0    152.000      1.000      7.000
501 0    152.000      0.000      7.000
502 7    160.000      2.000      7.000
503 7    160.000      1.000      7.000
504 7    160.000      0.000      7.000
505 0      0.000      2.000      8.000
506 0      0.000      1.000      8.000
507 0      0.000      0.000      8.000
508 0      8.000      2.000      8.000
509 0      8.000      1.000      8.000
510 0      8.000      0.000      8.000
511 0     16.000      2.000      8.000
512 0     16.000      1.000      8.000
513 0     16.000      0.000      8.000
514 0     24.000      2.000      8.000
515 0     24.000      1.000      8.000
516 0     24.000      0.000      8.000
517 0     32.000      2.000      8.000
518 0     32.000      1.000      8.000
519 0     32.000      0.000      8.000
520 0     40.000      2.000      8.000
521 0     40.000      1.000      8.000
522 0     40.000      0.000      8.000
523 0     48.000      2.000      8.000
524 0     48.000      1.000      8.000
525 0     48.000      0.000      8.000
526 0     56.000      2.000      8.000
527 0     56.000      1.000      8.000
528 0     56.000      0.000      8.000
529 0     64.000      2.000      8.000
530 0     64.000      1.000      8.000
531 0     64.000      0.000      8.000
532 0     72.000      2.000      8.000
533 0     72.000      1.000      8.000
534 0     72.000      0.000      8.000
535 0     80.000      2.000      8.000
536 0     80.000      1.000      8.000
537 0     80.000      0.000      8.000
538 0     88.000      2.000      8.000
539 0     88.000      1.000      8.000
540 0     88.000      0.000      8.000
541 0     96.000      2.000      8.000
542 0     96.000      1.000      8.000
543 0     96.000      0.000      8.000
544 0    104.000      2.000      8.000
545 0    104.000      1.000      8.000
546 0    104.000      0.000      8.000
547 0    112.000      2.000      8.000
548 0    112.000      1.000      8.000
549 0    112.000      0.000      8.000
550 0    120.000      2.000      8.000
551 0    120.000      1.000      8.000
552 0    120.000      0.000      8.000
553 0    128.000      2.000      8.000
554 0    128.000      1.000      8.000
555 0    128.000      0.000      8.000
556 0    136.000      2.000      8.000
557 0    136.000      1.000      8.000
558 0    136.000      0.000      8.000
559 0    144.000      2.000      8.000
560 0    144.000      1.000      8.000
561 0    144.000      0.000      8.000
562 0    152.000      2.000      8.000
563 0    152.000      1.000      8.000
564 0    152.000      0.000      8.000
565 7    160.000      2.000      8.000
566 7    160.000      1.000      8.000
567 7    160.000      0.000      8.000
320
1 1 65 68 5 2 64 67 4 1
2 1 66 69 6 3 65 68 5 2
3 1 68 71 8 5 67 70 7 4
4 1 69 72 9 6 68 71 8 5
5 1 71 74 11 8 70 73 10 7
6 1 72 75 12 9 71 74 11 8
7 1 74 77 14 11 73 76 13 10
8 1 75 78 15 12 74 77 14 11
9 1 77 80 17 14 76 79 16 13
10 1 78 81 18 15 77 80 17 14
11 1 80 83 20 17 79 82 19 16
12 1 81 84 21 18 80 83 20 17
13 1 83 86 23 20 82 85 22 19
14 1 84 87 24 21 83 86 23 20
15 1 86 89 26 23 85 88 25 22
16 1 87 90 27 24 86 89 26 23
17 1 89 92 29 26 88 91 28 25
18 1 90 93 30 27 89 92 29 26
19 1 92 95 32 29 91 94 31 28
20 1 93 96 33 30 92 95 32 29
21 1 95 98 35 32 94 97 34 31
22 1 96 99 36 33 95 98 35 32
23 1 98 101 38 35 97 100 37 34
24 1 99 102 39 36 98 101 38 35
25 1 101 104 41 38 100 103 40 37
26 1 102 105 42 39 101 104 41 38
27 1 104 107 44 41 103 106 43 40
28 1 105 108 45 42 104 107 44 41
29 1 107 110 47 44 106 109 46 43
30 1 108 111 48 45 107 110 47 44
31 1 110 113 50 47 109 112 49 46
32 1 111 114 51 48 110 113 50 47
33 1 113 116 53 50 112 115 52 49
34 1 114 117 54 51 113 116 53 50
35 1 116 119 56 53 115 118 55 52
36 1 117 120 57 54 116 119 56 53
37 1 119 122 59 56 118 121 58 55
38 1 120 123 60 57 119 122 59 56
39 1 122 125 62 59 121 124 61 58
40 1 123 126 63 60 122 125 62 59
41 1 128 131 68 65 127 130 67 64
42 1 129 132 69 66 128 131 68 65
43 1 131 134 71 68 130 133 70 67
44 1 132 135 72 69 131 134 71 68
45 1 134 137 74 71 133 136 73 70
46 1 135 138 75 72 134 137 74 71
47 1 137 140 77 74 136 139 76 73
48 1 138 141 78 75 137 140 77 74
49 1 140 143 80 77 139 142 79 76
50 1 141 144 81 78 140 143 80 77
51 1 143 146 83 80 142 145 82 79
52 1 144 147 84 81 143 146 83 80
53 1 146 149 86 83 145 148 85 82
54 1 147 150 87 84 146 149 86 83
55 1 149 152 89 86 148 151 88 85
56 1 150 153 90 87 149 152 89 86
57 1 152 155 92 89 151 154 91 88
58 1 153 156 93 90 152 155 92 89
59 1 155 158 95 92 154 157 94 91
60 1 156 159 96 93 155 158 95 92
61 1 158 161 98 95 157 160 97 94
62 1 159 162 99 96 158 161 98 95
63 1 161 164 101 98 160 163 100 97
64 1 162 165 102 99 161 164 101 98
65 1 164 167 104 101 163 166 103 100
66 1 165 168 105 102 164 167 104 101
67 1 167 170 107 104 166 169 106 103
68 1 168 171 108 105 167 170 107 104
69 1 170 173 110 107 169 172 109 106
70 1 171 174 111 108 170 173 110 107
71 1 173 176 113 110 172 175 112 109
72 1 174 177 114 111 173 176 113 110
73 1 176 179 116 113 175 178 115 112
74 1 177 180 117 114 176 179 116 113
75 1 179 182 119 116 178 181 118 115
76 1 180 183 120 117 179 182 119 116
77 1 182 185 122 119 181 184 121 118
78 1 183 186 123 120 182 185 122 119
79 1 185 188 125 122 184 187 124 121
80 1 186 189 126 123 185 188 125 122
81 1 191 194 131 128 190 193 130 127
82 1 192 195 132 129 191 194 131 128
83 1 194 197 134 131 193 196 133 130
84 1 195 198 135 132 194 197 134 131
85 1 197 200 137 134 196 199 136 133
86 1 198 201 138 135 197 200 137 134
87 1 200 203 140 137 199 202 139 136
88 1 201 204 141 138 200 203 140 137
89 1 203 206 143 140 202 205 142 139
90 1 204 207 144 141 203 206 143 140
91 1 206 209 146 143 205 208 145 142
92 1 207 210 147 144 206 209 146 143
93 1 209 212 149 146 208 211 148 145
94 1 210 213 150 147 209 212 149 146
95 1 212 215 152 149 211 214 151 148
96 1 213 216 153 150 212 215 152 149
97 1 215 218 155 152 214 217 154 151
98 1 216 219 156 153 215 218 155 152
99 1 218 221 158 155 217 220 157 154
100 1 219 222 159 156 218 221 158 155
101 1 221 224 161 158 220 223 160 157
102 1 222 225 162 159 221 224 161 158
103 1 224 227 164 161 223 226 163 160
104 1 225 228 165 162 224 227 164 161
105 1 227 230 167 164 226 229 166 163
106 1 228 231 168 165 227 230 167 164
107 1 230 233 170 167 229 232 169 166
108 1 231 234 171 168 230 233 170 167
109 1 233 236 173 170 232 235 172 169
110 1 234 237 174 171 233 236 173 170
111 1 236 239 176 173 235 238 175 172
112 1 237 240 177 174 236 239 176 173
113 1 239 242 179 176 238 241 178 175
114 1 240 243 180 177 239 242 179 176
115 1 242 245 182 179 241 244 181 178
116 1 243 246 183 180 242 245 182 179
117 1 245 248 185 182 244 247 184 181
118 1 246 249 186 183 245 248 185 182
119 1 248 251 188 185 247 250 187 184
120 1 249 252 189 186 248 251 188 185
121 1 254 257 194 191 253 256 193 190
122 1 255 258 195 192 254 257 194 191
123 1 257 260 197 194 256 259 196 193
124 1 258 261 198 195 257 260 197 194
125 1 260 263 200 197 259 262 199 196
126 1 261 264 201 198 260 263 200 197
127 1 263 266 203 200 262 265 202 199
128 1 264 267 204 201 263 266 203 200
129 1 266 269 206 203 265 268 205 202
130 1 267 270 207 204 266 269 206 203
131 1 269 272 209 206 268 271 208 205
132 1 270 273 210 207 269 272 209 206
133 1 272 275 212 209 271 274 211 208
134 1 273 276 213 210 272 275 212 209
135 1 275 278 215 212 274 277 214 211
136 1 276 279 216 213 275 278 215 212
137 1 278 281 218 215 277 280 217 214
138 1 279 282 219 216 278 281 218 215
139 1 281 284 221 218 280 283 220 217
140 1 282 285 222 219 281 284 221 218
141 1 284 287 224 221 283 286 223 220
142 1 285 288 225 222 284 287 224 221
143 1 287 290 227 224 286 289 226 223
144 1 288 291 228 225 287 290 227 224
145 1 290 293 230 227 289 292 229 226
146 1 291 294 231 228 290 293 230 227
147 1 293 296 233 230 292 295 232 229
148 1 294 297 234 231 293 296 233 230
149 1 296 299 236 233 295 298 235 232
150 1 297 300 237 234 296 299 236 233
151 1 299 302 239 236 298 301 238 235
152 1 300 303 240 237 299 302 239 236
153 1 302 305 242 239 301 304 241 238
154 1 303 306 243 240 302 305 242 239
155 1 305 308 245 242 304 307 244 241
156 1 306 309 246 243 305 308 245 242
157 1 308 311 248 245 307 310 247 244
158 1 309 312 249 246 308 311 248 245
159 1 311 314 251 248 310 313 250 247
160 1 312 315 252 249 311 314 251 248
161 1 317 320 257 254 316 319 256 253
162 1 318 321 258 255 317 320 257 254
163 1 320 323 260 257 319 322 259 256
164 1 321 324 261 258 320 323 260 257
165 1 323 326 263 260 322 325 262 259
166 1 324 327 264 261 323 326 263 260
167 1 326 329 266 263 325 328 265 262
168 1 327 330 267 264 326 329 266 263
169 1 329 332 269 266 328 331 268 265
170 1 330 333 270 267 329 332 269 266
171 1 332 335 272 269 331 334 271 268
172 1 333 336 273 270 332 335 272 269
173 1 335 338 275 272 334 337 274 271
174 1 336 339 276 273 335 338 275 272
175 1 338 341 278 275 337 340 277 274
176 1 339 342 279 276 338 341 278 275
177 1 341 344 281 278 340 343 280 277
178 1 342 345 282 279 341 344 281 278
179 1 344 347 284 281 343 346 283 280
180 1 345 348 285 282 344 347 284 281
181 1 347 350 287 284 346 349 286 283
182 1 348 351 288 285 347 350 287 284
183 1 350 353 290 287 349 352 289 286
184 1 351 354 291 288 350 353 290 287
185 1 353 356 293 290 352 355 292 289
186 1 354 357 294 291 353 356 293 290
187 1 356 359 296 293 355 358 295 292
188 1 357 360 297 294 356 359 296 293
189 1 359 362 299 296 358 361 298 295
190 1 360 363 300 297 359 362 299 296
191 1 362 365 302 299 361 364 301 298
192 1 363 366 303 300 362 365 302 299
193 1 365 368 305 302 364 367 304 301
194 1 366 369 306 303 365 368 305 302
195 1 368 371 308 305 367 370 307 304
196 1 369 372 309 306 368 371 308 305
197 1 371 374 311 308 370 373 310 307
198 1 372 375 312 309 371 374 311 308
199 1 374 377 314 311 373 376 313 310
200 1 375 378 315 312 374 377 314 311
201 1 380 383 320 317 379 382 319 316
202 1 381 384 321 318 380 383 320 317
203 1 383 386 323 320 382 385 322 319
204 1 384 387 324 321 383 386 323 320
205 1 386 389 326 323 385 388 325 322
206 1 387 390 327 324 386 389 326 323
207 1 389 392 329 326 388 391 328 325
208 1 390 393 330 327 389 392 329 326
209 1 392 395 332 329 391 394 331 328
210 1 393 396 333 330 392 395 332 329
211 1 395 398 335 332 394 397 334 331
212 1 396 399 336 333 395 398 335 332
213 1 398 401 338 335 397 400 337 334
214 1 399 402 339 336 398 401 338 335
215 1 401 404 341 338 400 403 340 337
216 1 402 405 342 339 401 404 341 338
217 1 404 407 344 341 403 406 343 340
218 1 405 408 345 342 404 407 344 341
219 1 407 410 347 344 406 409 346 343
220 1 408 411 348 345 407 410 347 344
221 1 410 413 350 347 409 412 349 346
222 1 411 414 351 348 410 413 350 347
223 1 413 416 353 350 412 415 352 349
224 1 414 417 354 351 413 416 353 350
225 1 416 419 356 353 415 418 355 352
226 1 417 420 357 354 416 419 356 353
227 1 419 422 359 356 418 421 358 355
228 1 420 423 360 357 419 422 359 356
229 1 422 425 362 359 421 424 361 358
230 1 423 426 363 360 422 425 362 359
231 1 425 428 365 362 424 427 364 361
232 1 426 429 366 363 425 428 365 362
233 1 428 431 368 365 427 430 367 364
234 1 429 432 369 366 428 431 368 365
235 1 431 434 371 368 430 433 370 367
236 1 432 435 372 369 431 434 371 368
237 1 434 437 374 371 433 436 373 370
238 1 435 438 375 372 434 437 374 371
239 1 437 440 377 374 436 439 376 373
240 1 438 441 378 375 437 440 377 374
241 1 443 446 383 380 442 445 382 379
242 1 444 447 384 381 443 446 383 380
243 1 446 449 386 383 445 448 385 382
244 1 447 450 387 384 446 449 386 383
245 1 449 452 389 386 448 451 388 385
246 1 450 453 390 387 449 452 389 386
247 1 452 455 392 389 451 454 391 388
248 1 453 456 393 390 452 455 392 389
249 1 455 458 395 392 454 457 394 391
250 1 456 459 396 393 455 458 395 392
251 1 458 461 398 395 457 460 397 394
252 1 459 462 399 396 458 461 398 395
253 1 461 464 401 398 460 463 400 397
254 1 462 465 402 399 461 464 401 398
255 1 464 467 404 401 463 466 403 400
256 1 465 468 405 402 464 467 404 401
257 1 467 470 407 404 466 469 406 403
258 1 468 471 408 405 467 470 407 404
259 1 470 473 410 407 469 472 409 406
260 1 471 474 411 408 470 473 410 407
261 1 473 476 413 410 472 475 412 409
262 1 474 477 414 411 473 476 413 410
263 1 476 479 416 413 475 478 415 412
264 1 477 480 417 414 476 479 416 413
265 1 479 482 419 416 478 481 418 415
266 1 480 483 420 417 479 482 419 416
267 1 482 485 422 419 481 484 421 418
268 1 483 486 423 420 482 485 422 419
269 1 485 488 425 422 484 487 424 421
270 1 486 489 426 423 485 488 425 422
271 1 488 491 428 425 487 490 427 424
272 1 489 492 429 426 488 491 428 425
273 1 491 494 431 428 490 493 430 427
274 1 492 495 432 429 491 494 431 428
275 1 494 497 434 431 493 496 433 430
276 1 495 498 435 432 494 497 434 431
277 1 497 500 437 434 496 499 436 433
278 1 498 501 438 435 497 500 437 434
279 1 500 503 440 437 499 502 439 436
280 1 501 504 441 438 500 503 440 437
281 1 506 509 446 443 505 508 445 442
282 1 507 510 447 444 506 509 446 443
283 1 509 512 449 446 508 511 448 445
284 1 510 513 450 447 509 512 449 446
285 1 512 515 452 449 511 514 451 448
286 1 513 516 453 450 512 515 452 449
287 1 515 518 455 452 514 517 454 451
288 1 516 519 456 453 515 518 455 452
289 1 518 521 458 455 517 520 457 454
290 1 519 522 459 456 518 521 458 455
291 1 521 524 461 458 520 523 460 457
292 1 522 525 462 459 521 524 461 458
293 1 524 527 464 461 523 526 463 460
294 1 525 528 465 462 524 527 464 461
295 1 527 530 467 464 526 529 466 463
296 1 528 531 468 465 527 530 467 464
297 1 530 533 470 467 529 532 469 466
298 1 531 534 471 468 530 533 470 467
299 1 533 536 473 470 532 535 472 469
300 1 534 537 474 471 533 536 473 470
301 1 536 539 476 473 535 538 475 472
302 1 537 540 477 474 536 539 476 473
303 1 539 542 479 476 538 541 478 475
304 1 540 543 480 477 539 542 479 476
305 1 542 545 482 479 541 544 481 478
306 1 543 546 483 480 542 545 482 479
307 1 545 548 485 482 544 547 484 481
308 1 546 549 486 483 545 548 485 482
309 1 548 551 488 485 547 550 487 484
310 1 549 552 489 486 548 551 488 485
311 1 551 554 491 488 550 553 490 487
312 1 552 555 492 489 551 554 491 488
313 1 554 557 494 491 553 556 493 490
314 1 555 558 495 492 554 557 494 491
315 1 557 560 497 494 556 559 496 493
316 1 558 561 498 495 557 560 497 494
317 1 560 563 500 497 559 562 499 496
318 1 561 564 501 498 560 563 500 497
319 1 563 566 503 500 562 565 502 499
320 1 564 567 504 501 563 566 503 500
1
1 17
0.0 80769.23 121153.86 2500.0 1.0
3 0 0 0.0 0.0 0.0
253 0.0 0.0 -0.25  
254 0.0 0.0 -0.50  
255 0.0 0.0 -0.25  
20 40000.0 10.00 20 1.0E-6 0.0 1.0 5 5 254 3 
