3-D EmbeddedElt       at increment:       0,        load:  0
hexa8
16
1 7  0.0000E+00  0.0000E+00  0.0000E+00  0.0000E+00  0.0000E+00  0.0000E+00 
2 6  1.0000E+00  0.0000E+00  0.0000E+00  0.0000E+00  0.0000E+00  0.0000E+00 
3 2  0.0000E+00  1.0000E+00  0.0000E+00  0.0000E+00  0.0000E+00  0.0000E+00 
4 6  1.0000E+00  1.0000E+00  0.0000E+00  0.0000E+00  0.0000E+00  0.0000E+00 
5 3  0.0000E+00  0.0000E+00  1.0000E+00  0.0000E+00  0.0000E+00  0.0000E+00 
6 2  1.0000E+00  0.0000E+00  1.0000E+00  0.0000E+00  0.0000E+00  0.0000E+00 
7 3  0.0000E+00  1.0000E+00  1.0000E+00  0.0000E+00  0.0000E+00  0.0000E+00 
8 2  1.0000E+00  1.0000E+00  1.0000E+00  0.0000E+00  0.0000E+00  0.0000E+00 
9 8  0.0000E+00  0.0000E+00  4.0000E-01  2.7075E-07  6.4060E-07  3.1584E-06 
10 8  1.0000E+00  0.0000E+00  4.0000E-01 -2.7075E-07  6.4060E-07  3.1584E-06 
11 8  0.0000E+00  1.0000E+00  4.0000E-01  1.0104E-06 -6.4060E-07  1.1787E-05 
12 8  1.0000E+00  1.0000E+00  4.0000E-01 -1.0104E-06 -6.4060E-07  1.1787E-05 
13 8  0.0000E+00  0.0000E+00  6.0000E-01  2.7075E-07  6.4060E-07 -3.1584E-06 
14 8  1.0000E+00  0.0000E+00  6.0000E-01 -2.7075E-07  6.4060E-07 -3.1584E-06 
15 8  0.0000E+00  1.0000E+00  6.0000E-01  1.0104E-06 -6.4060E-07 -1.1787E-05 
16 8  1.0000E+00  1.0000E+00  6.0000E-01 -1.0104E-06 -6.4060E-07 -1.1787E-05 
2
1 1 1 2 4 3 5 6 8 7 
2 1 9 10 12 11 13 14 16 15 
 0.0000E+00  0.0000E+00  0.0000E+00  0.0000E+00  0.0000E+00  0.0000E+00 
 0.0000E+00  0.0000E+00  0.0000E+00  0.0000E+00  0.0000E+00  0.0000E+00 
 0.0000E+00  0.0000E+00  0.0000E+00  0.0000E+00  0.0000E+00  0.0000E+00 
 0.0000E+00  0.0000E+00  0.0000E+00  0.0000E+00  0.0000E+00  0.0000E+00 
 0.0000E+00  0.0000E+00  0.0000E+00  0.0000E+00  0.0000E+00  0.0000E+00 
 0.0000E+00  0.0000E+00  0.0000E+00  0.0000E+00  0.0000E+00  0.0000E+00 
 0.0000E+00  0.0000E+00  0.0000E+00  0.0000E+00  0.0000E+00  0.0000E+00 
 0.0000E+00  0.0000E+00  0.0000E+00  0.0000E+00  0.0000E+00  0.0000E+00 
 0.0000E+00  0.0000E+00  0.0000E+00  0.0000E+00  0.0000E+00  0.0000E+00 
 0.0000E+00  0.0000E+00  0.0000E+00  0.0000E+00  0.0000E+00  0.0000E+00 
-2.5624E-05  0.0000E+00  0.0000E+00 -2.5624E-05  0.0000E+00 -5.9783E-05 
-2.5624E-05  0.0000E+00  0.0000E+00 -2.5624E-05  0.0000E+00 -5.9783E-05 
 0.0000E+00  0.0000E+00  0.0000E+00  0.0000E+00  0.0000E+00  0.0000E+00 
 0.0000E+00  0.0000E+00  0.0000E+00  0.0000E+00  0.0000E+00  0.0000E+00 
-2.5624E-05  0.0000E+00  0.0000E+00 -2.5624E-05  0.0000E+00 -5.9783E-05 
-2.5624E-05  0.0000E+00  0.0000E+00 -2.5624E-05  0.0000E+00 -5.9783E-05 

------------------------------------------------------------
------------------------------------------------------------

3-D EmbeddedElt       at increment:       16,        load:  0
hexa8
16
1 7  0.0000E+00  0.0000E+00  0.0000E+00 -4.9556E+08 -1.1555E+09 -4.9556E+08 
2 6  1.0000E+00  0.0000E+00  0.0000E+00  0.0000E+00 -1.1555E+09 -4.9556E+08 
3 2  0.0000E+00  1.0020E+00  0.0000E+00  0.0000E+00  1.1555E+09  0.0000E+00 
4 6  1.0000E+00  1.0020E+00  0.0000E+00  0.0000E+00  1.1555E+09 -4.9556E+08 
5 3  0.0000E+00  0.0000E+00  1.0000E+00 -4.9556E+08 -1.1555E+09  0.0000E+00 
6 2  1.0000E+00  0.0000E+00  1.0000E+00  0.0000E+00 -1.1555E+09  0.0000E+00 
7 3  0.0000E+00  1.0020E+00  1.0000E+00 -4.9556E+08  1.1555E+09  0.0000E+00 
8 2  1.0000E+00  1.0020E+00  1.0000E+00  0.0000E+00  1.1555E+09  0.0000E+00 
9 8  0.0000E+00  0.0000E+00  4.0000E-01  2.7075E-07  6.4060E-07  3.1584E-06 
10 8  1.0000E+00  0.0000E+00  4.0000E-01 -2.7075E-07  6.4060E-07  3.1584E-06 
11 8  0.0000E+00  1.0000E+00  4.0000E-01  1.0104E-06 -6.4060E-07  1.1787E-05 
12 8  1.0000E+00  1.0000E+00  4.0000E-01 -1.0104E-06 -6.4060E-07  1.1787E-05 
13 8  0.0000E+00  0.0000E+00  6.0000E-01  2.7075E-07  6.4060E-07 -3.1584E-06 
14 8  1.0000E+00  0.0000E+00  6.0000E-01 -2.7075E-07  6.4060E-07 -3.1584E-06 
15 8  0.0000E+00  1.0000E+00  6.0000E-01  1.0104E-06 -6.4060E-07 -1.1787E-05 
16 8  1.0000E+00  1.0000E+00  6.0000E-01 -1.0104E-06 -6.4060E-07 -1.1787E-05 
2
1 1 1 2 4 3 5 6 8 7 
2 1 9 10 12 11 13 14 16 15 
 2.3266E+08  0.0000E+00  0.0000E+00  5.4345E+08  1.1086E-07  2.3266E+08 
 2.3266E+08  0.0000E+00  0.0000E+00  5.4345E+08  1.1086E-07  2.3266E+08 
 2.3266E+08  0.0000E+00  0.0000E+00  5.4345E+08  2.5471E-06  2.3266E+08 
 2.3266E+08  0.0000E+00  0.0000E+00  5.4345E+08  2.5471E-06  2.3266E+08 
 2.3266E+08  0.0000E+00  0.0000E+00  5.4345E+08  1.1086E-07  2.3266E+08 
 2.3266E+08  0.0000E+00  0.0000E+00  5.4345E+08  1.1086E-07  2.3266E+08 
 2.3266E+08  0.0000E+00  0.0000E+00  5.4345E+08  2.5471E-06  2.3266E+08 
 2.3266E+08  0.0000E+00  0.0000E+00  5.4345E+08  2.5471E-06  2.3266E+08 
 0.0000E+00  0.0000E+00  0.0000E+00  0.0000E+00  0.0000E+00  0.0000E+00 
 0.0000E+00  0.0000E+00  0.0000E+00  0.0000E+00  0.0000E+00  0.0000E+00 
-2.5624E-05  0.0000E+00  0.0000E+00 -2.5624E-05  0.0000E+00 -5.9783E-05 
-2.5624E-05  0.0000E+00  0.0000E+00 -2.5624E-05  0.0000E+00 -5.9783E-05 
 0.0000E+00  0.0000E+00  0.0000E+00  0.0000E+00  0.0000E+00  0.0000E+00 
 0.0000E+00  0.0000E+00  0.0000E+00  0.0000E+00  0.0000E+00  0.0000E+00 
-2.5624E-05  0.0000E+00  0.0000E+00 -2.5624E-05  0.0000E+00 -5.9783E-05 
-2.5624E-05  0.0000E+00  0.0000E+00 -2.5624E-05  0.0000E+00 -5.9783E-05 

-------------------------------------------------------------
-------------------------------------------------------------

3-D EmbeddedElt       at increment:       32,        load:  0
hexa8
16
1 7  0.0000E+00  0.0000E+00  0.0000E+00 -1.9227E+09 -4.4805E+09 -1.9227E+09 
2 6  1.0000E+00  0.0000E+00  0.0000E+00  0.0000E+00 -4.4805E+09 -1.9227E+09 
3 2  0.0000E+00  1.0040E+00  0.0000E+00  0.0000E+00  4.4805E+09  0.0000E+00 
4 6  1.0000E+00  1.0040E+00  0.0000E+00  0.0000E+00  4.4805E+09 -1.9227E+09 
5 3  0.0000E+00  0.0000E+00  1.0000E+00 -1.9227E+09 -4.4805E+09  0.0000E+00 
6 2  1.0000E+00  0.0000E+00  1.0000E+00  0.0000E+00 -4.4805E+09  0.0000E+00 
7 3  0.0000E+00  1.0040E+00  1.0000E+00 -1.9227E+09  4.4805E+09  0.0000E+00 
8 2  1.0000E+00  1.0040E+00  1.0000E+00  0.0000E+00  4.4805E+09  0.0000E+00 
9 8  0.0000E+00  0.0000E+00  4.0000E-01  2.7075E-07  6.4060E-07  3.1584E-06 
10 8  1.0000E+00  0.0000E+00  4.0000E-01 -2.7075E-07  6.4060E-07  3.1584E-06 
11 8  0.0000E+00  1.0000E+00  4.0000E-01  1.0104E-06 -6.4060E-07  1.1787E-05 
12 8  1.0000E+00  1.0000E+00  4.0000E-01 -1.0104E-06 -6.4060E-07  1.1787E-05 
13 8  0.0000E+00  0.0000E+00  6.0000E-01  2.7075E-07  6.4060E-07 -3.1584E-06 
14 8  1.0000E+00  0.0000E+00  6.0000E-01 -2.7075E-07  6.4060E-07 -3.1584E-06 
15 8  0.0000E+00  1.0000E+00  6.0000E-01  1.0104E-06 -6.4060E-07 -1.1787E-05 
16 8  1.0000E+00  1.0000E+00  6.0000E-01 -1.0104E-06 -6.4060E-07 -1.1787E-05 
2
1 1 1 2 4 3 5 6 8 7 
2 1 9 10 12 11 13 14 16 15 
 4.6392E+08  0.0000E+00  0.0000E+00  1.0849E+09  2.2128E-07  4.6392E+08 
 4.6392E+08  0.0000E+00  0.0000E+00  1.0849E+09  2.2128E-07  4.6392E+08 
 4.6392E+08  0.0000E+00  0.0000E+00  1.0849E+09 -3.4216E-06  4.6392E+08 
 4.6392E+08  0.0000E+00  0.0000E+00  1.0849E+09 -3.4216E-06  4.6392E+08 
 4.6392E+08  0.0000E+00  0.0000E+00  1.0849E+09  2.2128E-07  4.6392E+08 
 4.6392E+08  0.0000E+00  0.0000E+00  1.0849E+09  2.2128E-07  4.6392E+08 
 4.6392E+08  0.0000E+00  0.0000E+00  1.0849E+09 -3.4216E-06  4.6392E+08 
 4.6392E+08  0.0000E+00  0.0000E+00  1.0849E+09 -3.4216E-06  4.6392E+08 
 0.0000E+00  0.0000E+00  0.0000E+00  0.0000E+00  0.0000E+00  0.0000E+00 
 0.0000E+00  0.0000E+00  0.0000E+00  0.0000E+00  0.0000E+00  0.0000E+00 
-2.5624E-05  0.0000E+00  0.0000E+00 -2.5624E-05  0.0000E+00 -5.9783E-05 
-2.5624E-05  0.0000E+00  0.0000E+00 -2.5624E-05  0.0000E+00 -5.9783E-05 
 0.0000E+00  0.0000E+00  0.0000E+00  0.0000E+00  0.0000E+00  0.0000E+00 
 0.0000E+00  0.0000E+00  0.0000E+00  0.0000E+00  0.0000E+00  0.0000E+00 
-2.5624E-05  0.0000E+00  0.0000E+00 -2.5624E-05  0.0000E+00 -5.9783E-05 
-2.5624E-05  0.0000E+00  0.0000E+00 -2.5624E-05  0.0000E+00 -5.9783E-05 

-------------------------------------------------------------
-------------------------------------------------------------

3-D EmbeddedElt       at increment:       48,        load:  0
hexa8
16
1 7  0.0000E+00  0.0000E+00  0.0000E+00 -4.2794E+09 -9.9669E+09 -4.2794E+09 
2 6  1.0000E+00  0.0000E+00  0.0000E+00  0.0000E+00 -9.9669E+09 -4.2794E+09 
3 2  0.0000E+00  1.0061E+00  0.0000E+00  0.0000E+00  9.9669E+09  0.0000E+00 
4 6  1.0000E+00  1.0061E+00  0.0000E+00  0.0000E+00  9.9669E+09 -4.2794E+09 
5 3  0.0000E+00  0.0000E+00  1.0000E+00 -4.2794E+09 -9.9669E+09  0.0000E+00 
6 2  1.0000E+00  0.0000E+00  1.0000E+00  0.0000E+00 -9.9669E+09  0.0000E+00 
7 3  0.0000E+00  1.0061E+00  1.0000E+00 -4.2794E+09  9.9669E+09  0.0000E+00 
8 2  1.0000E+00  1.0061E+00  1.0000E+00  0.0000E+00  9.9669E+09  0.0000E+00 
9 8  0.0000E+00  0.0000E+00  4.0000E-01  2.7075E-07  6.4060E-07  3.1584E-06 
10 8  1.0000E+00  0.0000E+00  4.0000E-01 -2.7075E-07  6.4060E-07  3.1584E-06 
11 8  0.0000E+00  1.0000E+00  4.0000E-01  1.0104E-06 -6.4060E-07  1.1787E-05 
12 8  1.0000E+00  1.0000E+00  4.0000E-01 -1.0104E-06 -6.4060E-07  1.1787E-05 
13 8  0.0000E+00  0.0000E+00  6.0000E-01  2.7075E-07  6.4060E-07 -3.1584E-06 
14 8  1.0000E+00  0.0000E+00  6.0000E-01 -2.7075E-07  6.4060E-07 -3.1584E-06 
15 8  0.0000E+00  1.0000E+00  6.0000E-01  1.0104E-06 -6.4060E-07 -1.1787E-05 
16 8  1.0000E+00  1.0000E+00  6.0000E-01 -1.0104E-06 -6.4060E-07 -1.1787E-05 
2
1 1 1 2 4 3 5 6 8 7 
2 1 9 10 12 11 13 14 16 15 
 6.9378E+08  0.0000E+00  0.0000E+00  1.6243E+09  7.3572E-07  6.9378E+08 
 6.9378E+08  0.0000E+00  0.0000E+00  1.6243E+09  7.3572E-07  6.9378E+08 
 6.9378E+08  0.0000E+00  0.0000E+00  1.6243E+09  1.9008E-06  6.9378E+08 
 6.9378E+08  0.0000E+00  0.0000E+00  1.6243E+09  1.9008E-06  6.9378E+08 
 6.9378E+08  0.0000E+00  0.0000E+00  1.6243E+09  7.3572E-07  6.9378E+08 
 6.9378E+08  0.0000E+00  0.0000E+00  1.6243E+09  7.3572E-07  6.9378E+08 
 6.9378E+08  0.0000E+00  0.0000E+00  1.6243E+09  1.9008E-06  6.9378E+08 
 6.9378E+08  0.0000E+00  0.0000E+00  1.6243E+09  1.9008E-06  6.9378E+08 
 0.0000E+00  0.0000E+00  0.0000E+00  0.0000E+00  0.0000E+00  0.0000E+00 
 0.0000E+00  0.0000E+00  0.0000E+00  0.0000E+00  0.0000E+00  0.0000E+00 
-2.5624E-05  0.0000E+00  0.0000E+00 -2.5624E-05  0.0000E+00 -5.9783E-05 
-2.5624E-05  0.0000E+00  0.0000E+00 -2.5624E-05  0.0000E+00 -5.9783E-05 
 0.0000E+00  0.0000E+00  0.0000E+00  0.0000E+00  0.0000E+00  0.0000E+00 
 0.0000E+00  0.0000E+00  0.0000E+00  0.0000E+00  0.0000E+00  0.0000E+00 
-2.5624E-05  0.0000E+00  0.0000E+00 -2.5624E-05  0.0000E+00 -5.9783E-05 
-2.5624E-05  0.0000E+00  0.0000E+00 -2.5624E-05  0.0000E+00 -5.9783E-05 

-------------------------------------------------------------
-------------------------------------------------------------

3-D EmbeddedElt       at increment:       64,        load:  0
hexa8
16
1 7  0.0000E+00  0.0000E+00  0.0000E+00 -7.5640E+09 -1.7607E+10 -7.5640E+09 
2 6  1.0000E+00  0.0000E+00  0.0000E+00  0.0000E+00 -1.7607E+10 -7.5640E+09 
3 2  0.0000E+00  1.0081E+00  0.0000E+00  0.0000E+00  1.7607E+10  0.0000E+00 
4 6  1.0000E+00  1.0081E+00  0.0000E+00  0.0000E+00  1.7607E+10 -7.5640E+09 
5 3  0.0000E+00  0.0000E+00  1.0000E+00 -7.5640E+09 -1.7607E+10  0.0000E+00 
6 2  1.0000E+00  0.0000E+00  1.0000E+00  0.0000E+00 -1.7607E+10  0.0000E+00 
7 3  0.0000E+00  1.0081E+00  1.0000E+00 -7.5640E+09  1.7607E+10  0.0000E+00 
8 2  1.0000E+00  1.0081E+00  1.0000E+00  0.0000E+00  1.7607E+10  0.0000E+00 
9 8  0.0000E+00  0.0000E+00  4.0000E-01  2.7075E-07  6.4060E-07  3.1584E-06 
10 8  1.0000E+00  0.0000E+00  4.0000E-01 -2.7075E-07  6.4060E-07  3.1584E-06 
11 8  0.0000E+00  1.0000E+00  4.0000E-01  1.0104E-06 -6.4060E-07  1.1787E-05 
12 8  1.0000E+00  1.0000E+00  4.0000E-01 -1.0104E-06 -6.4060E-07  1.1787E-05 
13 8  0.0000E+00  0.0000E+00  6.0000E-01  2.7075E-07  6.4060E-07 -3.1584E-06 
14 8  1.0000E+00  0.0000E+00  6.0000E-01 -2.7075E-07  6.4060E-07 -3.1584E-06 
15 8  0.0000E+00  1.0000E+00  6.0000E-01  1.0104E-06 -6.4060E-07 -1.1787E-05 
16 8  1.0000E+00  1.0000E+00  6.0000E-01 -1.0104E-06 -6.4060E-07 -1.1787E-05 
2
1 1 1 2 4 3 5 6 8 7 
2 1 9 10 12 11 13 14 16 15 
 9.2226E+08  0.0000E+00  0.0000E+00  2.1617E+09  8.4444E-07  9.2226E+08 
 9.2226E+08  0.0000E+00  0.0000E+00  2.1617E+09  8.4444E-07  9.2226E+08 
 9.2226E+08  0.0000E+00  0.0000E+00  2.1617E+09  4.4287E-06  9.2226E+08 
 9.2226E+08  0.0000E+00  0.0000E+00  2.1617E+09  4.4287E-06  9.2226E+08 
 9.2226E+08  0.0000E+00  0.0000E+00  2.1617E+09  8.4444E-07  9.2226E+08 
 9.2226E+08  0.0000E+00  0.0000E+00  2.1617E+09  8.4444E-07  9.2226E+08 
 9.2226E+08  0.0000E+00  0.0000E+00  2.1617E+09  4.4287E-06  9.2226E+08 
 9.2226E+08  0.0000E+00  0.0000E+00  2.1617E+09  4.4287E-06  9.2226E+08 
 0.0000E+00  0.0000E+00  0.0000E+00  0.0000E+00  0.0000E+00  0.0000E+00 
 0.0000E+00  0.0000E+00  0.0000E+00  0.0000E+00  0.0000E+00  0.0000E+00 
-2.5624E-05  0.0000E+00  0.0000E+00 -2.5624E-05  0.0000E+00 -5.9783E-05 
-2.5624E-05  0.0000E+00  0.0000E+00 -2.5624E-05  0.0000E+00 -5.9783E-05 
 0.0000E+00  0.0000E+00  0.0000E+00  0.0000E+00  0.0000E+00  0.0000E+00 
 0.0000E+00  0.0000E+00  0.0000E+00  0.0000E+00  0.0000E+00  0.0000E+00 
-2.5624E-05  0.0000E+00  0.0000E+00 -2.5624E-05  0.0000E+00 -5.9783E-05 
-2.5624E-05  0.0000E+00  0.0000E+00 -2.5624E-05  0.0000E+00 -5.9783E-05 

-------------------------------------------------------------
-------------------------------------------------------------

3-D EmbeddedElt       at increment:       80,        load:  0
hexa8
16
1 7  0.0000E+00  0.0000E+00  0.0000E+00 -1.1774E+10 -2.7392E+10 -1.1774E+10 
2 6  1.0000E+00  0.0000E+00  0.0000E+00  0.0000E+00 -2.7392E+10 -1.1774E+10 
3 2  0.0000E+00  1.0101E+00  0.0000E+00  0.0000E+00  2.7392E+10  0.0000E+00 
4 6  1.0000E+00  1.0101E+00  0.0000E+00  0.0000E+00  2.7392E+10 -1.1774E+10 
5 3  0.0000E+00  0.0000E+00  1.0000E+00 -1.1774E+10 -2.7392E+10  0.0000E+00 
6 2  1.0000E+00  0.0000E+00  1.0000E+00  0.0000E+00 -2.7392E+10  0.0000E+00 
7 3  0.0000E+00  1.0101E+00  1.0000E+00 -1.1774E+10  2.7392E+10  0.0000E+00 
8 2  1.0000E+00  1.0101E+00  1.0000E+00  0.0000E+00  2.7392E+10  0.0000E+00 
9 8  0.0000E+00  0.0000E+00  4.0000E-01  2.7075E-07  6.4060E-07  3.1584E-06 
10 8  1.0000E+00  0.0000E+00  4.0000E-01 -2.7075E-07  6.4060E-07  3.1584E-06 
11 8  0.0000E+00  1.0000E+00  4.0000E-01  1.0104E-06 -6.4060E-07  1.1787E-05 
12 8  1.0000E+00  1.0000E+00  4.0000E-01 -1.0104E-06 -6.4060E-07  1.1787E-05 
13 8  0.0000E+00  0.0000E+00  6.0000E-01  2.7075E-07  6.4060E-07 -3.1584E-06 
14 8  1.0000E+00  0.0000E+00  6.0000E-01 -2.7075E-07  6.4060E-07 -3.1584E-06 
15 8  0.0000E+00  1.0000E+00  6.0000E-01  1.0104E-06 -6.4060E-07 -1.1787E-05 
16 8  1.0000E+00  1.0000E+00  6.0000E-01 -1.0104E-06 -6.4060E-07 -1.1787E-05 
2
1 1 1 2 4 3 5 6 8 7 
2 1 9 10 12 11 13 14 16 15 
 1.1494E+09  0.0000E+00  0.0000E+00  2.6971E+09  4.2432E-07  1.1494E+09 
 1.1494E+09  0.0000E+00  0.0000E+00  2.6971E+09  4.2432E-07  1.1494E+09 
 1.1494E+09  0.0000E+00  0.0000E+00  2.6971E+09 -1.5078E-06  1.1494E+09 
 1.1494E+09  0.0000E+00  0.0000E+00  2.6971E+09 -1.5078E-06  1.1494E+09 
 1.1494E+09  0.0000E+00  0.0000E+00  2.6971E+09  4.2432E-07  1.1494E+09 
 1.1494E+09  0.0000E+00  0.0000E+00  2.6971E+09  4.2432E-07  1.1494E+09 
 1.1494E+09  0.0000E+00  0.0000E+00  2.6971E+09 -1.5078E-06  1.1494E+09 
 1.1494E+09  0.0000E+00  0.0000E+00  2.6971E+09 -1.5078E-06  1.1494E+09 
 0.0000E+00  0.0000E+00  0.0000E+00  0.0000E+00  0.0000E+00  0.0000E+00 
 0.0000E+00  0.0000E+00  0.0000E+00  0.0000E+00  0.0000E+00  0.0000E+00 
-2.5624E-05  0.0000E+00  0.0000E+00 -2.5624E-05  0.0000E+00 -5.9783E-05 
-2.5624E-05  0.0000E+00  0.0000E+00 -2.5624E-05  0.0000E+00 -5.9783E-05 
 0.0000E+00  0.0000E+00  0.0000E+00  0.0000E+00  0.0000E+00  0.0000E+00 
 0.0000E+00  0.0000E+00  0.0000E+00  0.0000E+00  0.0000E+00  0.0000E+00 
-2.5624E-05  0.0000E+00  0.0000E+00 -2.5624E-05  0.0000E+00 -5.9783E-05 
-2.5624E-05  0.0000E+00  0.0000E+00 -2.5624E-05  0.0000E+00 -5.9783E-05 

-------------------------------------------------------------
-------------------------------------------------------------

3-D EmbeddedElt       at increment:       96,        load:  0
hexa8
16
1 7  0.0000E+00  0.0000E+00  0.0000E+00 -1.6909E+10 -3.9315E+10 -1.6909E+10 
2 6  1.0000E+00  0.0000E+00  0.0000E+00  0.0000E+00 -3.9315E+10 -1.6909E+10 
3 2  0.0000E+00  1.0121E+00  0.0000E+00  0.0000E+00  3.9315E+10  0.0000E+00 
4 6  1.0000E+00  1.0121E+00  0.0000E+00  0.0000E+00  3.9315E+10 -1.6909E+10 
5 3  0.0000E+00  0.0000E+00  1.0000E+00 -1.6909E+10 -3.9315E+10  0.0000E+00 
6 2  1.0000E+00  0.0000E+00  1.0000E+00  0.0000E+00 -3.9315E+10  0.0000E+00 
7 3  0.0000E+00  1.0121E+00  1.0000E+00 -1.6909E+10  3.9315E+10  0.0000E+00 
8 2  1.0000E+00  1.0121E+00  1.0000E+00  0.0000E+00  3.9315E+10  0.0000E+00 
9 8  0.0000E+00  0.0000E+00  4.0000E-01  2.7075E-07  6.4060E-07  3.1584E-06 
10 8  1.0000E+00  0.0000E+00  4.0000E-01 -2.7075E-07  6.4060E-07  3.1584E-06 
11 8  0.0000E+00  1.0000E+00  4.0000E-01  1.0104E-06 -6.4060E-07  1.1787E-05 
12 8  1.0000E+00  1.0000E+00  4.0000E-01 -1.0104E-06 -6.4060E-07  1.1787E-05 
13 8  0.0000E+00  0.0000E+00  6.0000E-01  2.7075E-07  6.4060E-07 -3.1584E-06 
14 8  1.0000E+00  0.0000E+00  6.0000E-01 -2.7075E-07  6.4060E-07 -3.1584E-06 
15 8  0.0000E+00  1.0000E+00  6.0000E-01  1.0104E-06 -6.4060E-07 -1.1787E-05 
16 8  1.0000E+00  1.0000E+00  6.0000E-01 -1.0104E-06 -6.4060E-07 -1.1787E-05 
2
1 1 1 2 4 3 5 6 8 7 
2 1 9 10 12 11 13 14 16 15 
 1.3751E+09  0.0000E+00  0.0000E+00  3.2305E+09  5.3323E-07  1.3751E+09 
 1.3751E+09  0.0000E+00  0.0000E+00  3.2305E+09  5.3323E-07  1.3751E+09 
 1.3751E+09  0.0000E+00  0.0000E+00  3.2305E+09  1.0168E-06  1.3751E+09 
 1.3751E+09  0.0000E+00  0.0000E+00  3.2305E+09  1.0168E-06  1.3751E+09 
 1.3751E+09  0.0000E+00  0.0000E+00  3.2305E+09  5.3323E-07  1.3751E+09 
 1.3751E+09  0.0000E+00  0.0000E+00  3.2305E+09  5.3323E-07  1.3751E+09 
 1.3751E+09  0.0000E+00  0.0000E+00  3.2305E+09  1.0168E-06  1.3751E+09 
 1.3751E+09  0.0000E+00  0.0000E+00  3.2305E+09  1.0168E-06  1.3751E+09 
 0.0000E+00  0.0000E+00  0.0000E+00  0.0000E+00  0.0000E+00  0.0000E+00 
 0.0000E+00  0.0000E+00  0.0000E+00  0.0000E+00  0.0000E+00  0.0000E+00 
-2.5624E-05  0.0000E+00  0.0000E+00 -2.5624E-05  0.0000E+00 -5.9783E-05 
-2.5624E-05  0.0000E+00  0.0000E+00 -2.5624E-05  0.0000E+00 -5.9783E-05 
 0.0000E+00  0.0000E+00  0.0000E+00  0.0000E+00  0.0000E+00  0.0000E+00 
 0.0000E+00  0.0000E+00  0.0000E+00  0.0000E+00  0.0000E+00  0.0000E+00 
-2.5624E-05  0.0000E+00  0.0000E+00 -2.5624E-05  0.0000E+00 -5.9783E-05 
-2.5624E-05  0.0000E+00  0.0000E+00 -2.5624E-05  0.0000E+00 -5.9783E-05 

-------------------------------------------------------------
-------------------------------------------------------------

3-D EmbeddedElt       at increment:       112,        load:  0
hexa8
16
1 7  0.0000E+00  0.0000E+00  0.0000E+00 -2.2966E+10 -5.3367E+10 -2.2966E+10 
2 6  1.0000E+00  0.0000E+00  0.0000E+00  0.0000E+00 -5.3367E+10 -2.2966E+10 
3 2  0.0000E+00  1.0142E+00  0.0000E+00  0.0000E+00  5.3367E+10  0.0000E+00 
4 6  1.0000E+00  1.0142E+00  0.0000E+00  0.0000E+00  5.3367E+10 -2.2966E+10 
5 3  0.0000E+00  0.0000E+00  1.0000E+00 -2.2966E+10 -5.3367E+10  0.0000E+00 
6 2  1.0000E+00  0.0000E+00  1.0000E+00  0.0000E+00 -5.3367E+10  0.0000E+00 
7 3  0.0000E+00  1.0142E+00  1.0000E+00 -2.2966E+10  5.3367E+10  0.0000E+00 
8 2  1.0000E+00  1.0142E+00  1.0000E+00  0.0000E+00  5.3367E+10  0.0000E+00 
9 8  0.0000E+00  0.0000E+00  4.0000E-01  2.7075E-07  6.4060E-07  3.1584E-06 
10 8  1.0000E+00  0.0000E+00  4.0000E-01 -2.7075E-07  6.4060E-07  3.1584E-06 
11 8  0.0000E+00  1.0000E+00  4.0000E-01  1.0104E-06 -6.4060E-07  1.1787E-05 
12 8  1.0000E+00  1.0000E+00  4.0000E-01 -1.0104E-06 -6.4060E-07  1.1787E-05 
13 8  0.0000E+00  0.0000E+00  6.0000E-01  2.7075E-07  6.4060E-07 -3.1584E-06 
14 8  1.0000E+00  0.0000E+00  6.0000E-01 -2.7075E-07  6.4060E-07 -3.1584E-06 
15 8  0.0000E+00  1.0000E+00  6.0000E-01  1.0104E-06 -6.4060E-07 -1.1787E-05 
16 8  1.0000E+00  1.0000E+00  6.0000E-01 -1.0104E-06 -6.4060E-07 -1.1787E-05 
2
1 1 1 2 4 3 5 6 8 7 
2 1 9 10 12 11 13 14 16 15 
 1.5995E+09  0.0000E+00  0.0000E+00  3.7620E+09 -5.3593E-07  1.5995E+09 
 1.5995E+09  0.0000E+00  0.0000E+00  3.7620E+09 -5.3593E-07  1.5995E+09 
 1.5995E+09  0.0000E+00  0.0000E+00  3.7620E+09 -4.2379E-06  1.5995E+09 
 1.5995E+09  0.0000E+00  0.0000E+00  3.7620E+09 -4.2379E-06  1.5995E+09 
 1.5995E+09  0.0000E+00  0.0000E+00  3.7620E+09 -5.3593E-07  1.5995E+09 
 1.5995E+09  0.0000E+00  0.0000E+00  3.7620E+09 -5.3593E-07  1.5995E+09 
 1.5995E+09  0.0000E+00  0.0000E+00  3.7620E+09 -4.2379E-06  1.5995E+09 
 1.5995E+09  0.0000E+00  0.0000E+00  3.7620E+09 -4.2379E-06  1.5995E+09 
 0.0000E+00  0.0000E+00  0.0000E+00  0.0000E+00  0.0000E+00  0.0000E+00 
 0.0000E+00  0.0000E+00  0.0000E+00  0.0000E+00  0.0000E+00  0.0000E+00 
-2.5624E-05  0.0000E+00  0.0000E+00 -2.5624E-05  0.0000E+00 -5.9783E-05 
-2.5624E-05  0.0000E+00  0.0000E+00 -2.5624E-05  0.0000E+00 -5.9783E-05 
 0.0000E+00  0.0000E+00  0.0000E+00  0.0000E+00  0.0000E+00  0.0000E+00 
 0.0000E+00  0.0000E+00  0.0000E+00  0.0000E+00  0.0000E+00  0.0000E+00 
-2.5624E-05  0.0000E+00  0.0000E+00 -2.5624E-05  0.0000E+00 -5.9783E-05 
-2.5624E-05  0.0000E+00  0.0000E+00 -2.5624E-05  0.0000E+00 -5.9783E-05 

--------------------------------------------------------------
--------------------------------------------------------------

3-D EmbeddedElt       at increment:       128,        load:  0
hexa8
16
1 7  0.0000E+00  0.0000E+00  0.0000E+00 -2.9943E+10 -6.9541E+10 -2.9943E+10 
2 6  1.0000E+00  0.0000E+00  0.0000E+00  0.0000E+00 -6.9541E+10 -2.9943E+10 
3 2  0.0000E+00  1.0162E+00  0.0000E+00  0.0000E+00  6.9541E+10  0.0000E+00 
4 6  1.0000E+00  1.0162E+00  0.0000E+00  0.0000E+00  6.9541E+10 -2.9943E+10 
5 3  0.0000E+00  0.0000E+00  1.0000E+00 -2.9943E+10 -6.9541E+10  0.0000E+00 
6 2  1.0000E+00  0.0000E+00  1.0000E+00  0.0000E+00 -6.9541E+10  0.0000E+00 
7 3  0.0000E+00  1.0162E+00  1.0000E+00 -2.9943E+10  6.9541E+10  0.0000E+00 
8 2  1.0000E+00  1.0162E+00  1.0000E+00  0.0000E+00  6.9541E+10  0.0000E+00 
9 8  0.0000E+00  0.0000E+00  4.0000E-01  2.7075E-07  6.4060E-07  3.1584E-06 
10 8  1.0000E+00  0.0000E+00  4.0000E-01 -2.7075E-07  6.4060E-07  3.1584E-06 
11 8  0.0000E+00  1.0000E+00  4.0000E-01  1.0104E-06 -6.4060E-07  1.1787E-05 
12 8  1.0000E+00  1.0000E+00  4.0000E-01 -1.0104E-06 -6.4060E-07  1.1787E-05 
13 8  0.0000E+00  0.0000E+00  6.0000E-01  2.7075E-07  6.4060E-07 -3.1584E-06 
14 8  1.0000E+00  0.0000E+00  6.0000E-01 -2.7075E-07  6.4060E-07 -3.1584E-06 
15 8  0.0000E+00  1.0000E+00  6.0000E-01  1.0104E-06 -6.4060E-07 -1.1787E-05 
16 8  1.0000E+00  1.0000E+00  6.0000E-01 -1.0104E-06 -6.4060E-07 -1.1787E-05 
2
1 1 1 2 4 3 5 6 8 7 
2 1 9 10 12 11 13 14 16 15 
 1.8225E+09  0.0000E+00  0.0000E+00  4.2916E+09 -9.5078E-07  1.8225E+09 
 1.8225E+09  0.0000E+00  0.0000E+00  4.2916E+09 -9.5078E-07  1.8225E+09 
 1.8225E+09  0.0000E+00  0.0000E+00  4.2916E+09 -1.7179E-06  1.8225E+09 
 1.8225E+09  0.0000E+00  0.0000E+00  4.2916E+09 -1.7179E-06  1.8225E+09 
 1.8225E+09  0.0000E+00  0.0000E+00  4.2916E+09 -9.5078E-07  1.8225E+09 
 1.8225E+09  0.0000E+00  0.0000E+00  4.2916E+09 -9.5078E-07  1.8225E+09 
 1.8225E+09  0.0000E+00  0.0000E+00  4.2916E+09 -1.7179E-06  1.8225E+09 
 1.8225E+09  0.0000E+00  0.0000E+00  4.2916E+09 -1.7179E-06  1.8225E+09 
 0.0000E+00  0.0000E+00  0.0000E+00  0.0000E+00  0.0000E+00  0.0000E+00 
 0.0000E+00  0.0000E+00  0.0000E+00  0.0000E+00  0.0000E+00  0.0000E+00 
-2.5624E-05  0.0000E+00  0.0000E+00 -2.5624E-05  0.0000E+00 -5.9783E-05 
-2.5624E-05  0.0000E+00  0.0000E+00 -2.5624E-05  0.0000E+00 -5.9783E-05 
 0.0000E+00  0.0000E+00  0.0000E+00  0.0000E+00  0.0000E+00  0.0000E+00 
 0.0000E+00  0.0000E+00  0.0000E+00  0.0000E+00  0.0000E+00  0.0000E+00 
-2.5624E-05  0.0000E+00  0.0000E+00 -2.5624E-05  0.0000E+00 -5.9783E-05 
-2.5624E-05  0.0000E+00  0.0000E+00 -2.5624E-05  0.0000E+00 -5.9783E-05 

--------------------------------------------------------------
--------------------------------------------------------------

3-D EmbeddedElt       at increment:       144,        load:  0
hexa8
16
1 7  0.0000E+00  0.0000E+00  0.0000E+00 -3.7839E+10 -8.7829E+10 -3.7839E+10 
2 6  1.0000E+00  0.0000E+00  0.0000E+00  0.0000E+00 -8.7829E+10 -3.7839E+10 
3 2  0.0000E+00  1.0182E+00  0.0000E+00  0.0000E+00  8.7829E+10  0.0000E+00 
4 6  1.0000E+00  1.0182E+00  0.0000E+00  0.0000E+00  8.7829E+10 -3.7839E+10 
5 3  0.0000E+00  0.0000E+00  1.0000E+00 -3.7839E+10 -8.7829E+10  0.0000E+00 
6 2  1.0000E+00  0.0000E+00  1.0000E+00  0.0000E+00 -8.7829E+10  0.0000E+00 
7 3  0.0000E+00  1.0182E+00  1.0000E+00 -3.7839E+10  8.7829E+10  0.0000E+00 
8 2  1.0000E+00  1.0182E+00  1.0000E+00  0.0000E+00  8.7829E+10  0.0000E+00 
9 8  0.0000E+00  0.0000E+00  4.0000E-01  2.7075E-07  6.4060E-07  3.1584E-06 
10 8  1.0000E+00  0.0000E+00  4.0000E-01 -2.7075E-07  6.4060E-07  3.1584E-06 
11 8  0.0000E+00  1.0000E+00  4.0000E-01  1.0104E-06 -6.4060E-07  1.1787E-05 
12 8  1.0000E+00  1.0000E+00  4.0000E-01 -1.0104E-06 -6.4060E-07  1.1787E-05 
13 8  0.0000E+00  0.0000E+00  6.0000E-01  2.7075E-07  6.4060E-07 -3.1584E-06 
14 8  1.0000E+00  0.0000E+00  6.0000E-01 -2.7075E-07  6.4060E-07 -3.1584E-06 
15 8  0.0000E+00  1.0000E+00  6.0000E-01  1.0104E-06 -6.4060E-07 -1.1787E-05 
16 8  1.0000E+00  1.0000E+00  6.0000E-01 -1.0104E-06 -6.4060E-07 -1.1787E-05 
2
1 1 1 2 4 3 5 6 8 7 
2 1 9 10 12 11 13 14 16 15 
 2.0442E+09  0.0000E+00  0.0000E+00  4.8192E+09 -8.3979E-07  2.0442E+09 
 2.0442E+09  0.0000E+00  0.0000E+00  4.8192E+09 -8.3979E-07  2.0442E+09 
 2.0442E+09  0.0000E+00  0.0000E+00  4.8192E+09  7.9209E-07  2.0442E+09 
 2.0442E+09  0.0000E+00  0.0000E+00  4.8192E+09  7.9209E-07  2.0442E+09 
 2.0442E+09  0.0000E+00  0.0000E+00  4.8192E+09 -8.3979E-07  2.0442E+09 
 2.0442E+09  0.0000E+00  0.0000E+00  4.8192E+09 -8.3979E-07  2.0442E+09 
 2.0442E+09  0.0000E+00  0.0000E+00  4.8192E+09  7.9209E-07  2.0442E+09 
 2.0442E+09  0.0000E+00  0.0000E+00  4.8192E+09  7.9209E-07  2.0442E+09 
 0.0000E+00  0.0000E+00  0.0000E+00  0.0000E+00  0.0000E+00  0.0000E+00 
 0.0000E+00  0.0000E+00  0.0000E+00  0.0000E+00  0.0000E+00  0.0000E+00 
-2.5624E-05  0.0000E+00  0.0000E+00 -2.5624E-05  0.0000E+00 -5.9783E-05 
-2.5624E-05  0.0000E+00  0.0000E+00 -2.5624E-05  0.0000E+00 -5.9783E-05 
 0.0000E+00  0.0000E+00  0.0000E+00  0.0000E+00  0.0000E+00  0.0000E+00 
 0.0000E+00  0.0000E+00  0.0000E+00  0.0000E+00  0.0000E+00  0.0000E+00 
-2.5624E-05  0.0000E+00  0.0000E+00 -2.5624E-05  0.0000E+00 -5.9783E-05 
-2.5624E-05  0.0000E+00  0.0000E+00 -2.5624E-05  0.0000E+00 -5.9783E-05 

--------------------------------------------------------------
--------------------------------------------------------------

3-D EmbeddedElt       at increment:       160,        load:  0
hexa8
16
1 7  0.0000E+00  0.0000E+00  0.0000E+00 -4.6651E+10 -1.0822E+11 -4.6651E+10 
2 6  1.0000E+00  0.0000E+00  0.0000E+00  0.0000E+00 -1.0822E+11 -4.6651E+10 
3 2  0.0000E+00  1.0202E+00  0.0000E+00  0.0000E+00  1.0822E+11  0.0000E+00 
4 6  1.0000E+00  1.0202E+00  0.0000E+00  0.0000E+00  1.0822E+11 -4.6651E+10 
5 3  0.0000E+00  0.0000E+00  1.0000E+00 -4.6651E+10 -1.0822E+11  0.0000E+00 
6 2  1.0000E+00  0.0000E+00  1.0000E+00  0.0000E+00 -1.0822E+11  0.0000E+00 
7 3  0.0000E+00  1.0202E+00  1.0000E+00 -4.6651E+10  1.0822E+11  0.0000E+00 
8 2  1.0000E+00  1.0202E+00  1.0000E+00  0.0000E+00  1.0822E+11  0.0000E+00 
9 8  0.0000E+00  0.0000E+00  4.0000E-01  2.7075E-07  6.4060E-07  3.1584E-06 
10 8  1.0000E+00  0.0000E+00  4.0000E-01 -2.7075E-07  6.4060E-07  3.1584E-06 
11 8  0.0000E+00  1.0000E+00  4.0000E-01  1.0104E-06 -6.4060E-07  1.1787E-05 
12 8  1.0000E+00  1.0000E+00  4.0000E-01 -1.0104E-06 -6.4060E-07  1.1787E-05 
13 8  0.0000E+00  0.0000E+00  6.0000E-01  2.7075E-07  6.4060E-07 -3.1584E-06 
14 8  1.0000E+00  0.0000E+00  6.0000E-01 -2.7075E-07  6.4060E-07 -3.1584E-06 
15 8  0.0000E+00  1.0000E+00  6.0000E-01  1.0104E-06 -6.4060E-07 -1.1787E-05 
16 8  1.0000E+00  1.0000E+00  6.0000E-01 -1.0104E-06 -6.4060E-07 -1.1787E-05 
2
1 1 1 2 4 3 5 6 8 7 
2 1 9 10 12 11 13 14 16 15 
 2.2646E+09  0.0000E+00  0.0000E+00  5.3448E+09 -7.2925E-07  2.2646E+09 
 2.2646E+09  0.0000E+00  0.0000E+00  5.3448E+09 -7.2925E-07  2.2646E+09 
 2.2646E+09  0.0000E+00  0.0000E+00  5.3448E+09  3.2921E-06  2.2646E+09 
 2.2646E+09  0.0000E+00  0.0000E+00  5.3448E+09  3.2921E-06  2.2646E+09 
 2.2646E+09  0.0000E+00  0.0000E+00  5.3448E+09 -7.2925E-07  2.2646E+09 
 2.2646E+09  0.0000E+00  0.0000E+00  5.3448E+09 -7.2925E-07  2.2646E+09 
 2.2646E+09  0.0000E+00  0.0000E+00  5.3448E+09  3.2921E-06  2.2646E+09 
 2.2646E+09  0.0000E+00  0.0000E+00  5.3448E+09  3.2921E-06  2.2646E+09 
 0.0000E+00  0.0000E+00  0.0000E+00  0.0000E+00  0.0000E+00  0.0000E+00 
 0.0000E+00  0.0000E+00  0.0000E+00  0.0000E+00  0.0000E+00  0.0000E+00 
-2.5624E-05  0.0000E+00  0.0000E+00 -2.5624E-05  0.0000E+00 -5.9783E-05 
-2.5624E-05  0.0000E+00  0.0000E+00 -2.5624E-05  0.0000E+00 -5.9783E-05 
 0.0000E+00  0.0000E+00  0.0000E+00  0.0000E+00  0.0000E+00  0.0000E+00 
 0.0000E+00  0.0000E+00  0.0000E+00  0.0000E+00  0.0000E+00  0.0000E+00 
-2.5624E-05  0.0000E+00  0.0000E+00 -2.5624E-05  0.0000E+00 -5.9783E-05 
-2.5624E-05  0.0000E+00  0.0000E+00 -2.5624E-05  0.0000E+00 -5.9783E-05 

--------------------------------------------------------------
--------------------------------------------------------------

3-D EmbeddedElt       at increment:       176,        load:  0
hexa8
16
1 7  0.0000E+00  0.0000E+00  0.0000E+00 -5.6379E+10 -1.3072E+11 -5.6379E+10 
2 6  1.0000E+00  0.0000E+00  0.0000E+00  0.0000E+00 -1.3072E+11 -5.6379E+10 
3 2  0.0000E+00  1.0222E+00  0.0000E+00  0.0000E+00  1.3072E+11  0.0000E+00 
4 6  1.0000E+00  1.0222E+00  0.0000E+00  0.0000E+00  1.3072E+11 -5.6379E+10 
5 3  0.0000E+00  0.0000E+00  1.0000E+00 -5.6379E+10 -1.3072E+11  0.0000E+00 
6 2  1.0000E+00  0.0000E+00  1.0000E+00  0.0000E+00 -1.3072E+11  0.0000E+00 
7 3  0.0000E+00  1.0222E+00  1.0000E+00 -5.6379E+10  1.3072E+11  0.0000E+00 
8 2  1.0000E+00  1.0222E+00  1.0000E+00  0.0000E+00  1.3072E+11  0.0000E+00 
9 8  0.0000E+00  0.0000E+00  4.0000E-01  2.7075E-07  6.4060E-07  3.1584E-06 
10 8  1.0000E+00  0.0000E+00  4.0000E-01 -2.7075E-07  6.4060E-07  3.1584E-06 
11 8  0.0000E+00  1.0000E+00  4.0000E-01  1.0104E-06 -6.4060E-07  1.1787E-05 
12 8  1.0000E+00  1.0000E+00  4.0000E-01 -1.0104E-06 -6.4060E-07  1.1787E-05 
13 8  0.0000E+00  0.0000E+00  6.0000E-01  2.7075E-07  6.4060E-07 -3.1584E-06 
14 8  1.0000E+00  0.0000E+00  6.0000E-01 -2.7075E-07  6.4060E-07 -3.1584E-06 
15 8  0.0000E+00  1.0000E+00  6.0000E-01  1.0104E-06 -6.4060E-07 -1.1787E-05 
16 8  1.0000E+00  1.0000E+00  6.0000E-01 -1.0104E-06 -6.4060E-07 -1.1787E-05 
2
1 1 1 2 4 3 5 6 8 7 
2 1 9 10 12 11 13 14 16 15 
 2.4837E+09  0.0000E+00  0.0000E+00  5.8686E+09 -2.2107E-07  2.4837E+09 
 2.4837E+09  0.0000E+00  0.0000E+00  5.8686E+09 -2.2107E-07  2.4837E+09 
 2.4837E+09  0.0000E+00  0.0000E+00  5.8686E+09  1.6300E-07  2.4837E+09 
 2.4837E+09  0.0000E+00  0.0000E+00  5.8686E+09  1.6300E-07  2.4837E+09 
 2.4837E+09  0.0000E+00  0.0000E+00  5.8686E+09 -2.2107E-07  2.4837E+09 
 2.4837E+09  0.0000E+00  0.0000E+00  5.8686E+09 -2.2107E-07  2.4837E+09 
 2.4837E+09  0.0000E+00  0.0000E+00  5.8686E+09  1.6300E-07  2.4837E+09 
 2.4837E+09  0.0000E+00  0.0000E+00  5.8686E+09  1.6300E-07  2.4837E+09 
 0.0000E+00  0.0000E+00  0.0000E+00  0.0000E+00  0.0000E+00  0.0000E+00 
 0.0000E+00  0.0000E+00  0.0000E+00  0.0000E+00  0.0000E+00  0.0000E+00 
-2.5624E-05  0.0000E+00  0.0000E+00 -2.5624E-05  0.0000E+00 -5.9783E-05 
-2.5624E-05  0.0000E+00  0.0000E+00 -2.5624E-05  0.0000E+00 -5.9783E-05 
 0.0000E+00  0.0000E+00  0.0000E+00  0.0000E+00  0.0000E+00  0.0000E+00 
 0.0000E+00  0.0000E+00  0.0000E+00  0.0000E+00  0.0000E+00  0.0000E+00 
-2.5624E-05  0.0000E+00  0.0000E+00 -2.5624E-05  0.0000E+00 -5.9783E-05 
-2.5624E-05  0.0000E+00  0.0000E+00 -2.5624E-05  0.0000E+00 -5.9783E-05 

--------------------------------------------------------------
--------------------------------------------------------------

3-D EmbeddedElt       at increment:       192,        load:  0
hexa8
16
1 7  0.0000E+00  0.0000E+00  0.0000E+00 -6.7019E+10 -1.5530E+11 -6.7019E+10 
2 6  1.0000E+00  0.0000E+00  0.0000E+00  0.0000E+00 -1.5530E+11 -6.7019E+10 
3 2  0.0000E+00  1.0243E+00  0.0000E+00  0.0000E+00  1.5530E+11  0.0000E+00 
4 6  1.0000E+00  1.0243E+00  0.0000E+00  0.0000E+00  1.5530E+11 -6.7019E+10 
5 3  0.0000E+00  0.0000E+00  1.0000E+00 -6.7019E+10 -1.5530E+11  0.0000E+00 
6 2  1.0000E+00  0.0000E+00  1.0000E+00  0.0000E+00 -1.5530E+11  0.0000E+00 
7 3  0.0000E+00  1.0243E+00  1.0000E+00 -6.7019E+10  1.5530E+11  0.0000E+00 
8 2  1.0000E+00  1.0243E+00  1.0000E+00  0.0000E+00  1.5530E+11  0.0000E+00 
9 8  0.0000E+00  0.0000E+00  4.0000E-01  2.7075E-07  6.4060E-07  3.1584E-06 
10 8  1.0000E+00  0.0000E+00  4.0000E-01 -2.7075E-07  6.4060E-07  3.1584E-06 
11 8  0.0000E+00  1.0000E+00  4.0000E-01  1.0104E-06 -6.4060E-07  1.1787E-05 
12 8  1.0000E+00  1.0000E+00  4.0000E-01 -1.0104E-06 -6.4060E-07  1.1787E-05 
13 8  0.0000E+00  0.0000E+00  6.0000E-01  2.7075E-07  6.4060E-07 -3.1584E-06 
14 8  1.0000E+00  0.0000E+00  6.0000E-01 -2.7075E-07  6.4060E-07 -3.1584E-06 
15 8  0.0000E+00  1.0000E+00  6.0000E-01  1.0104E-06 -6.4060E-07 -1.1787E-05 
16 8  1.0000E+00  1.0000E+00  6.0000E-01 -1.0104E-06 -6.4060E-07 -1.1787E-05 
2
1 1 1 2 4 3 5 6 8 7 
2 1 9 10 12 11 13 14 16 15 
 2.7014E+09  0.0000E+00  0.0000E+00  6.3905E+09 -1.1218E-07  2.7014E+09 
 2.7014E+09  0.0000E+00  0.0000E+00  6.3905E+09 -1.1218E-07  2.7014E+09 
 2.7014E+09  0.0000E+00  0.0000E+00  6.3905E+09  2.6544E-06  2.7014E+09 
 2.7014E+09  0.0000E+00  0.0000E+00  6.3905E+09  2.6544E-06  2.7014E+09 
 2.7014E+09  0.0000E+00  0.0000E+00  6.3905E+09 -1.1218E-07  2.7014E+09 
 2.7014E+09  0.0000E+00  0.0000E+00  6.3905E+09 -1.1218E-07  2.7014E+09 
 2.7014E+09  0.0000E+00  0.0000E+00  6.3905E+09  2.6544E-06  2.7014E+09 
 2.7014E+09  0.0000E+00  0.0000E+00  6.3905E+09  2.6544E-06  2.7014E+09 
 0.0000E+00  0.0000E+00  0.0000E+00  0.0000E+00  0.0000E+00  0.0000E+00 
 0.0000E+00  0.0000E+00  0.0000E+00  0.0000E+00  0.0000E+00  0.0000E+00 
-2.5624E-05  0.0000E+00  0.0000E+00 -2.5624E-05  0.0000E+00 -5.9783E-05 
-2.5624E-05  0.0000E+00  0.0000E+00 -2.5624E-05  0.0000E+00 -5.9783E-05 
 0.0000E+00  0.0000E+00  0.0000E+00  0.0000E+00  0.0000E+00  0.0000E+00 
 0.0000E+00  0.0000E+00  0.0000E+00  0.0000E+00  0.0000E+00  0.0000E+00 
-2.5624E-05  0.0000E+00  0.0000E+00 -2.5624E-05  0.0000E+00 -5.9783E-05 
-2.5624E-05  0.0000E+00  0.0000E+00 -2.5624E-05  0.0000E+00 -5.9783E-05 

--------------------------------------------------------------
--------------------------------------------------------------

3-D EmbeddedElt       at increment:       208,        load:  0
hexa8
16
1 7  0.0000E+00  0.0000E+00  0.0000E+00 -7.8571E+10 -1.8197E+11 -7.8571E+10 
2 6  1.0000E+00  0.0000E+00  0.0000E+00  0.0000E+00 -1.8197E+11 -7.8571E+10 
3 2  0.0000E+00  1.0263E+00  0.0000E+00  0.0000E+00  1.8197E+11  0.0000E+00 
4 6  1.0000E+00  1.0263E+00  0.0000E+00  0.0000E+00  1.8197E+11 -7.8571E+10 
5 3  0.0000E+00  0.0000E+00  1.0000E+00 -7.8571E+10 -1.8197E+11  0.0000E+00 
6 2  1.0000E+00  0.0000E+00  1.0000E+00  0.0000E+00 -1.8197E+11  0.0000E+00 
7 3  0.0000E+00  1.0263E+00  1.0000E+00 -7.8571E+10  1.8197E+11  0.0000E+00 
8 2  1.0000E+00  1.0263E+00  1.0000E+00  0.0000E+00  1.8197E+11  0.0000E+00 
9 8  0.0000E+00  0.0000E+00  4.0000E-01  2.7075E-07  6.4060E-07  3.1584E-06 
10 8  1.0000E+00  0.0000E+00  4.0000E-01 -2.7075E-07  6.4060E-07  3.1584E-06 
11 8  0.0000E+00  1.0000E+00  4.0000E-01  1.0104E-06 -6.4060E-07  1.1787E-05 
12 8  1.0000E+00  1.0000E+00  4.0000E-01 -1.0104E-06 -6.4060E-07  1.1787E-05 
13 8  0.0000E+00  0.0000E+00  6.0000E-01  2.7075E-07  6.4060E-07 -3.1584E-06 
14 8  1.0000E+00  0.0000E+00  6.0000E-01 -2.7075E-07  6.4060E-07 -3.1584E-06 
15 8  0.0000E+00  1.0000E+00  6.0000E-01  1.0104E-06 -6.4060E-07 -1.1787E-05 
16 8  1.0000E+00  1.0000E+00  6.0000E-01 -1.0104E-06 -6.4060E-07 -1.1787E-05 
2
1 1 1 2 4 3 5 6 8 7 
2 1 9 10 12 11 13 14 16 15 
 2.9179E+09  0.0000E+00  0.0000E+00  6.9105E+09 -3.7153E-09  2.9179E+09 
 2.9179E+09  0.0000E+00  0.0000E+00  6.9105E+09 -3.7153E-09  2.9179E+09 
 2.9179E+09  0.0000E+00  0.0000E+00  6.9105E+09 -3.1851E-06  2.9179E+09 
 2.9179E+09  0.0000E+00  0.0000E+00  6.9105E+09 -3.1851E-06  2.9179E+09 
 2.9179E+09  0.0000E+00  0.0000E+00  6.9105E+09 -3.7153E-09  2.9179E+09 
 2.9179E+09  0.0000E+00  0.0000E+00  6.9105E+09 -3.7153E-09  2.9179E+09 
 2.9179E+09  0.0000E+00  0.0000E+00  6.9105E+09 -3.1851E-06  2.9179E+09 
 2.9179E+09  0.0000E+00  0.0000E+00  6.9105E+09 -3.1851E-06  2.9179E+09 
 0.0000E+00  0.0000E+00  0.0000E+00  0.0000E+00  0.0000E+00  0.0000E+00 
 0.0000E+00  0.0000E+00  0.0000E+00  0.0000E+00  0.0000E+00  0.0000E+00 
-2.5624E-05  0.0000E+00  0.0000E+00 -2.5624E-05  0.0000E+00 -5.9783E-05 
-2.5624E-05  0.0000E+00  0.0000E+00 -2.5624E-05  0.0000E+00 -5.9783E-05 
 0.0000E+00  0.0000E+00  0.0000E+00  0.0000E+00  0.0000E+00  0.0000E+00 
 0.0000E+00  0.0000E+00  0.0000E+00  0.0000E+00  0.0000E+00  0.0000E+00 
-2.5624E-05  0.0000E+00  0.0000E+00 -2.5624E-05  0.0000E+00 -5.9783E-05 
-2.5624E-05  0.0000E+00  0.0000E+00 -2.5624E-05  0.0000E+00 -5.9783E-05 

--------------------------------------------------------------
--------------------------------------------------------------

3-D EmbeddedElt       at increment:       224,        load:  0
hexa8
16
1 7  0.0000E+00  0.0000E+00  0.0000E+00 -9.1032E+10 -2.1071E+11 -9.1032E+10 
2 6  1.0000E+00  0.0000E+00  0.0000E+00  0.0000E+00 -2.1071E+11 -9.1032E+10 
3 2  0.0000E+00  1.0283E+00  0.0000E+00  0.0000E+00  2.1071E+11  0.0000E+00 
4 6  1.0000E+00  1.0283E+00  0.0000E+00  0.0000E+00  2.1071E+11 -9.1032E+10 
5 3  0.0000E+00  0.0000E+00  1.0000E+00 -9.1032E+10 -2.1071E+11  0.0000E+00 
6 2  1.0000E+00  0.0000E+00  1.0000E+00  0.0000E+00 -2.1071E+11  0.0000E+00 
7 3  0.0000E+00  1.0283E+00  1.0000E+00 -9.1032E+10  2.1071E+11  0.0000E+00 
8 2  1.0000E+00  1.0283E+00  1.0000E+00  0.0000E+00  2.1071E+11  0.0000E+00 
9 8  0.0000E+00  0.0000E+00  4.0000E-01  2.7075E-07  6.4060E-07  3.1584E-06 
10 8  1.0000E+00  0.0000E+00  4.0000E-01 -2.7075E-07  6.4060E-07  3.1584E-06 
11 8  0.0000E+00  1.0000E+00  4.0000E-01  1.0104E-06 -6.4060E-07  1.1787E-05 
12 8  1.0000E+00  1.0000E+00  4.0000E-01 -1.0104E-06 -6.4060E-07  1.1787E-05 
13 8  0.0000E+00  0.0000E+00  6.0000E-01  2.7075E-07  6.4060E-07 -3.1584E-06 
14 8  1.0000E+00  0.0000E+00  6.0000E-01 -2.7075E-07  6.4060E-07 -3.1584E-06 
15 8  0.0000E+00  1.0000E+00  6.0000E-01  1.0104E-06 -6.4060E-07 -1.1787E-05 
16 8  1.0000E+00  1.0000E+00  6.0000E-01 -1.0104E-06 -6.4060E-07 -1.1787E-05 
2
1 1 1 2 4 3 5 6 8 7 
2 1 9 10 12 11 13 14 16 15 
 3.1331E+09  0.0000E+00  0.0000E+00  7.4286E+09  1.0432E-07  3.1331E+09 
 3.1331E+09  0.0000E+00  0.0000E+00  7.4286E+09  1.0432E-07  3.1331E+09 
 3.1331E+09  0.0000E+00  0.0000E+00  7.4286E+09 -6.9684E-07  3.1331E+09 
 3.1331E+09  0.0000E+00  0.0000E+00  7.4286E+09 -6.9684E-07  3.1331E+09 
 3.1331E+09  0.0000E+00  0.0000E+00  7.4286E+09  1.0432E-07  3.1331E+09 
 3.1331E+09  0.0000E+00  0.0000E+00  7.4286E+09  1.0432E-07  3.1331E+09 
 3.1331E+09  0.0000E+00  0.0000E+00  7.4286E+09 -6.9684E-07  3.1331E+09 
 3.1331E+09  0.0000E+00  0.0000E+00  7.4286E+09 -6.9684E-07  3.1331E+09 
 0.0000E+00  0.0000E+00  0.0000E+00  0.0000E+00  0.0000E+00  0.0000E+00 
 0.0000E+00  0.0000E+00  0.0000E+00  0.0000E+00  0.0000E+00  0.0000E+00 
-2.5624E-05  0.0000E+00  0.0000E+00 -2.5624E-05  0.0000E+00 -5.9783E-05 
-2.5624E-05  0.0000E+00  0.0000E+00 -2.5624E-05  0.0000E+00 -5.9783E-05 
 0.0000E+00  0.0000E+00  0.0000E+00  0.0000E+00  0.0000E+00  0.0000E+00 
 0.0000E+00  0.0000E+00  0.0000E+00  0.0000E+00  0.0000E+00  0.0000E+00 
-2.5624E-05  0.0000E+00  0.0000E+00 -2.5624E-05  0.0000E+00 -5.9783E-05 
-2.5624E-05  0.0000E+00  0.0000E+00 -2.5624E-05  0.0000E+00 -5.9783E-05 

--------------------------------------------------------------
--------------------------------------------------------------

3-D EmbeddedElt       at increment:       240,        load:  0
hexa8
16
1 7  0.0000E+00  0.0000E+00  0.0000E+00 -1.0440E+11 -2.4152E+11 -1.0440E+11 
2 6  1.0000E+00  0.0000E+00  0.0000E+00  0.0000E+00 -2.4152E+11 -1.0440E+11 
3 2  0.0000E+00  1.0303E+00  0.0000E+00  0.0000E+00  2.4152E+11  0.0000E+00 
4 6  1.0000E+00  1.0303E+00  0.0000E+00  0.0000E+00  2.4152E+11 -1.0440E+11 
5 3  0.0000E+00  0.0000E+00  1.0000E+00 -1.0440E+11 -2.4152E+11  0.0000E+00 
6 2  1.0000E+00  0.0000E+00  1.0000E+00  0.0000E+00 -2.4152E+11  0.0000E+00 
7 3  0.0000E+00  1.0303E+00  1.0000E+00 -1.0440E+11  2.4152E+11  0.0000E+00 
8 2  1.0000E+00  1.0303E+00  1.0000E+00  0.0000E+00  2.4152E+11  0.0000E+00 
9 8  0.0000E+00  0.0000E+00  4.0000E-01  2.7075E-07  6.4060E-07  3.1584E-06 
10 8  1.0000E+00  0.0000E+00  4.0000E-01 -2.7075E-07  6.4060E-07  3.1584E-06 
11 8  0.0000E+00  1.0000E+00  4.0000E-01  1.0104E-06 -6.4060E-07  1.1787E-05 
12 8  1.0000E+00  1.0000E+00  4.0000E-01 -1.0104E-06 -6.4060E-07  1.1787E-05 
13 8  0.0000E+00  0.0000E+00  6.0000E-01  2.7075E-07  6.4060E-07 -3.1584E-06 
14 8  1.0000E+00  0.0000E+00  6.0000E-01 -2.7075E-07  6.4060E-07 -3.1584E-06 
15 8  0.0000E+00  1.0000E+00  6.0000E-01  1.0104E-06 -6.4060E-07 -1.1787E-05 
16 8  1.0000E+00  1.0000E+00  6.0000E-01 -1.0104E-06 -6.4060E-07 -1.1787E-05 
2
1 1 1 2 4 3 5 6 8 7 
2 1 9 10 12 11 13 14 16 15 
 3.3470E+09  0.0000E+00  0.0000E+00  7.9448E+09  6.0687E-07  3.3470E+09 
 3.3470E+09  0.0000E+00  0.0000E+00  7.9448E+09  6.0687E-07  3.3470E+09 
 3.3470E+09  0.0000E+00  0.0000E+00  7.9448E+09  4.4948E-06  3.3470E+09 
 3.3470E+09  0.0000E+00  0.0000E+00  7.9448E+09  4.4948E-06  3.3470E+09 
 3.3470E+09  0.0000E+00  0.0000E+00  7.9448E+09  6.0687E-07  3.3470E+09 
 3.3470E+09  0.0000E+00  0.0000E+00  7.9448E+09  6.0687E-07  3.3470E+09 
 3.3470E+09  0.0000E+00  0.0000E+00  7.9448E+09  4.4948E-06  3.3470E+09 
 3.3470E+09  0.0000E+00  0.0000E+00  7.9448E+09  4.4948E-06  3.3470E+09 
 0.0000E+00  0.0000E+00  0.0000E+00  0.0000E+00  0.0000E+00  0.0000E+00 
 0.0000E+00  0.0000E+00  0.0000E+00  0.0000E+00  0.0000E+00  0.0000E+00 
-2.5624E-05  0.0000E+00  0.0000E+00 -2.5624E-05  0.0000E+00 -5.9783E-05 
-2.5624E-05  0.0000E+00  0.0000E+00 -2.5624E-05  0.0000E+00 -5.9783E-05 
 0.0000E+00  0.0000E+00  0.0000E+00  0.0000E+00  0.0000E+00  0.0000E+00 
 0.0000E+00  0.0000E+00  0.0000E+00  0.0000E+00  0.0000E+00  0.0000E+00 
-2.5624E-05  0.0000E+00  0.0000E+00 -2.5624E-05  0.0000E+00 -5.9783E-05 
-2.5624E-05  0.0000E+00  0.0000E+00 -2.5624E-05  0.0000E+00 -5.9783E-05 

--------------------------------------------------------------
--------------------------------------------------------------

3-D EmbeddedElt       at increment:       256,        load:  0
hexa8
16
1 7  0.0000E+00  0.0000E+00  0.0000E+00 -1.1868E+11 -2.7440E+11 -1.1868E+11 
2 6  1.0000E+00  0.0000E+00  0.0000E+00  0.0000E+00 -2.7440E+11 -1.1868E+11 
3 2  0.0000E+00  1.0324E+00  0.0000E+00  0.0000E+00  2.7440E+11  0.0000E+00 
4 6  1.0000E+00  1.0324E+00  0.0000E+00  0.0000E+00  2.7440E+11 -1.1868E+11 
5 3  0.0000E+00  0.0000E+00  1.0000E+00 -1.1868E+11 -2.7440E+11  0.0000E+00 
6 2  1.0000E+00  0.0000E+00  1.0000E+00  0.0000E+00 -2.7440E+11  0.0000E+00 
7 3  0.0000E+00  1.0324E+00  1.0000E+00 -1.1868E+11  2.7440E+11  0.0000E+00 
8 2  1.0000E+00  1.0324E+00  1.0000E+00  0.0000E+00  2.7440E+11  0.0000E+00 
9 8  0.0000E+00  0.0000E+00  4.0000E-01  2.7075E-07  6.4060E-07  3.1584E-06 
10 8  1.0000E+00  0.0000E+00  4.0000E-01 -2.7075E-07  6.4060E-07  3.1584E-06 
11 8  0.0000E+00  1.0000E+00  4.0000E-01  1.0104E-06 -6.4060E-07  1.1787E-05 
12 8  1.0000E+00  1.0000E+00  4.0000E-01 -1.0104E-06 -6.4060E-07  1.1787E-05 
13 8  0.0000E+00  0.0000E+00  6.0000E-01  2.7075E-07  6.4060E-07 -3.1584E-06 
14 8  1.0000E+00  0.0000E+00  6.0000E-01 -2.7075E-07  6.4060E-07 -3.1584E-06 
15 8  0.0000E+00  1.0000E+00  6.0000E-01  1.0104E-06 -6.4060E-07 -1.1787E-05 
16 8  1.0000E+00  1.0000E+00  6.0000E-01 -1.0104E-06 -6.4060E-07 -1.1787E-05 
2
1 1 1 2 4 3 5 6 8 7 
2 1 9 10 12 11 13 14 16 15 
 3.5596E+09  0.0000E+00  0.0000E+00  8.4593E+09  7.1329E-07  3.5596E+09 
 3.5596E+09  0.0000E+00  0.0000E+00  8.4593E+09  7.1329E-07  3.5596E+09 
 3.5596E+09  0.0000E+00  0.0000E+00  8.4593E+09 -1.3139E-06  3.5596E+09 
 3.5596E+09  0.0000E+00  0.0000E+00  8.4593E+09 -1.3139E-06  3.5596E+09 
 3.5596E+09  0.0000E+00  0.0000E+00  8.4593E+09  7.1329E-07  3.5596E+09 
 3.5596E+09  0.0000E+00  0.0000E+00  8.4593E+09  7.1329E-07  3.5596E+09 
 3.5596E+09  0.0000E+00  0.0000E+00  8.4593E+09 -1.3139E-06  3.5596E+09 
 3.5596E+09  0.0000E+00  0.0000E+00  8.4593E+09 -1.3139E-06  3.5596E+09 
 0.0000E+00  0.0000E+00  0.0000E+00  0.0000E+00  0.0000E+00  0.0000E+00 
 0.0000E+00  0.0000E+00  0.0000E+00  0.0000E+00  0.0000E+00  0.0000E+00 
-2.5624E-05  0.0000E+00  0.0000E+00 -2.5624E-05  0.0000E+00 -5.9783E-05 
-2.5624E-05  0.0000E+00  0.0000E+00 -2.5624E-05  0.0000E+00 -5.9783E-05 
 0.0000E+00  0.0000E+00  0.0000E+00  0.0000E+00  0.0000E+00  0.0000E+00 
 0.0000E+00  0.0000E+00  0.0000E+00  0.0000E+00  0.0000E+00  0.0000E+00 
-2.5624E-05  0.0000E+00  0.0000E+00 -2.5624E-05  0.0000E+00 -5.9783E-05 
-2.5624E-05  0.0000E+00  0.0000E+00 -2.5624E-05  0.0000E+00 -5.9783E-05 

--------------------------------------------------------------
--------------------------------------------------------------

3-D EmbeddedElt       at increment:       272,        load:  0
hexa8
16
1 7  0.0000E+00  0.0000E+00  0.0000E+00 -1.3386E+11 -3.0932E+11 -1.3386E+11 
2 6  1.0000E+00  0.0000E+00  0.0000E+00  0.0000E+00 -3.0932E+11 -1.3386E+11 
3 2  0.0000E+00  1.0344E+00  0.0000E+00  0.0000E+00  3.0932E+11  0.0000E+00 
4 6  1.0000E+00  1.0344E+00  0.0000E+00  0.0000E+00  3.0932E+11 -1.3386E+11 
5 3  0.0000E+00  0.0000E+00  1.0000E+00 -1.3386E+11 -3.0932E+11  0.0000E+00 
6 2  1.0000E+00  0.0000E+00  1.0000E+00  0.0000E+00 -3.0932E+11  0.0000E+00 
7 3  0.0000E+00  1.0344E+00  1.0000E+00 -1.3386E+11  3.0932E+11  0.0000E+00 
8 2  1.0000E+00  1.0344E+00  1.0000E+00  0.0000E+00  3.0932E+11  0.0000E+00 
9 8  0.0000E+00  0.0000E+00  4.0000E-01  2.7075E-07  6.4060E-07  3.1584E-06 
10 8  1.0000E+00  0.0000E+00  4.0000E-01 -2.7075E-07  6.4060E-07  3.1584E-06 
11 8  0.0000E+00  1.0000E+00  4.0000E-01  1.0104E-06 -6.4060E-07  1.1787E-05 
12 8  1.0000E+00  1.0000E+00  4.0000E-01 -1.0104E-06 -6.4060E-07  1.1787E-05 
13 8  0.0000E+00  0.0000E+00  6.0000E-01  2.7075E-07  6.4060E-07 -3.1584E-06 
14 8  1.0000E+00  0.0000E+00  6.0000E-01 -2.7075E-07  6.4060E-07 -3.1584E-06 
15 8  0.0000E+00  1.0000E+00  6.0000E-01  1.0104E-06 -6.4060E-07 -1.1787E-05 
16 8  1.0000E+00  1.0000E+00  6.0000E-01 -1.0104E-06 -6.4060E-07 -1.1787E-05 
2
1 1 1 2 4 3 5 6 8 7 
2 1 9 10 12 11 13 14 16 15 
 3.7710E+09  0.0000E+00  0.0000E+00  8.9719E+09  3.0329E-07  3.7710E+09 
 3.7710E+09  0.0000E+00  0.0000E+00  8.9719E+09  3.0329E-07  3.7710E+09 
 3.7710E+09  0.0000E+00  0.0000E+00  8.9719E+09  1.1560E-06  3.7710E+09 
 3.7710E+09  0.0000E+00  0.0000E+00  8.9719E+09  1.1560E-06  3.7710E+09 
 3.7710E+09  0.0000E+00  0.0000E+00  8.9719E+09  3.0329E-07  3.7710E+09 
 3.7710E+09  0.0000E+00  0.0000E+00  8.9719E+09  3.0329E-07  3.7710E+09 
 3.7710E+09  0.0000E+00  0.0000E+00  8.9719E+09  1.1560E-06  3.7710E+09 
 3.7710E+09  0.0000E+00  0.0000E+00  8.9719E+09  1.1560E-06  3.7710E+09 
 0.0000E+00  0.0000E+00  0.0000E+00  0.0000E+00  0.0000E+00  0.0000E+00 
 0.0000E+00  0.0000E+00  0.0000E+00  0.0000E+00  0.0000E+00  0.0000E+00 
-2.5624E-05  0.0000E+00  0.0000E+00 -2.5624E-05  0.0000E+00 -5.9783E-05 
-2.5624E-05  0.0000E+00  0.0000E+00 -2.5624E-05  0.0000E+00 -5.9783E-05 
 0.0000E+00  0.0000E+00  0.0000E+00  0.0000E+00  0.0000E+00  0.0000E+00 
 0.0000E+00  0.0000E+00  0.0000E+00  0.0000E+00  0.0000E+00  0.0000E+00 
-2.5624E-05  0.0000E+00  0.0000E+00 -2.5624E-05  0.0000E+00 -5.9783E-05 
-2.5624E-05  0.0000E+00  0.0000E+00 -2.5624E-05  0.0000E+00 -5.9783E-05 

--------------------------------------------------------------
--------------------------------------------------------------

3-D EmbeddedElt       at increment:       288,        load:  0
hexa8
16
1 7  0.0000E+00  0.0000E+00  0.0000E+00 -1.4994E+11 -3.4630E+11 -1.4994E+11 
2 6  1.0000E+00  0.0000E+00  0.0000E+00  0.0000E+00 -3.4630E+11 -1.4994E+11 
3 2  0.0000E+00  1.0364E+00  0.0000E+00  0.0000E+00  3.4630E+11  0.0000E+00 
4 6  1.0000E+00  1.0364E+00  0.0000E+00  0.0000E+00  3.4630E+11 -1.4994E+11 
5 3  0.0000E+00  0.0000E+00  1.0000E+00 -1.4994E+11 -3.4630E+11  0.0000E+00 
6 2  1.0000E+00  0.0000E+00  1.0000E+00  0.0000E+00 -3.4630E+11  0.0000E+00 
7 3  0.0000E+00  1.0364E+00  1.0000E+00 -1.4994E+11  3.4630E+11  0.0000E+00 
8 2  1.0000E+00  1.0364E+00  1.0000E+00  0.0000E+00  3.4630E+11  0.0000E+00 
9 8  0.0000E+00  0.0000E+00  4.0000E-01  2.7075E-07  6.4060E-07  3.1584E-06 
10 8  1.0000E+00  0.0000E+00  4.0000E-01 -2.7075E-07  6.4060E-07  3.1584E-06 
11 8  0.0000E+00  1.0000E+00  4.0000E-01  1.0104E-06 -6.4060E-07  1.1787E-05 
12 8  1.0000E+00  1.0000E+00  4.0000E-01 -1.0104E-06 -6.4060E-07  1.1787E-05 
13 8  0.0000E+00  0.0000E+00  6.0000E-01  2.7075E-07  6.4060E-07 -3.1584E-06 
14 8  1.0000E+00  0.0000E+00  6.0000E-01 -2.7075E-07  6.4060E-07 -3.1584E-06 
15 8  0.0000E+00  1.0000E+00  6.0000E-01  1.0104E-06 -6.4060E-07 -1.1787E-05 
16 8  1.0000E+00  1.0000E+00  6.0000E-01 -1.0104E-06 -6.4060E-07 -1.1787E-05 
2
1 1 1 2 4 3 5 6 8 7 
2 1 9 10 12 11 13 14 16 15 
 3.9811E+09  0.0000E+00  0.0000E+00  9.4826E+09  4.0988E-07  3.9811E+09 
 3.9811E+09  0.0000E+00  0.0000E+00  9.4826E+09  4.0988E-07  3.9811E+09 
 3.9811E+09  0.0000E+00  0.0000E+00  9.4826E+09  3.6163E-06  3.9811E+09 
 3.9811E+09  0.0000E+00  0.0000E+00  9.4826E+09  3.6163E-06  3.9811E+09 
 3.9811E+09  0.0000E+00  0.0000E+00  9.4826E+09  4.0988E-07  3.9811E+09 
 3.9811E+09  0.0000E+00  0.0000E+00  9.4826E+09  4.0988E-07  3.9811E+09 
 3.9811E+09  0.0000E+00  0.0000E+00  9.4826E+09  3.6163E-06  3.9811E+09 
 3.9811E+09  0.0000E+00  0.0000E+00  9.4826E+09  3.6163E-06  3.9811E+09 
 0.0000E+00  0.0000E+00  0.0000E+00  0.0000E+00  0.0000E+00  0.0000E+00 
 0.0000E+00  0.0000E+00  0.0000E+00  0.0000E+00  0.0000E+00  0.0000E+00 
-2.5624E-05  0.0000E+00  0.0000E+00 -2.5624E-05  0.0000E+00 -5.9783E-05 
-2.5624E-05  0.0000E+00  0.0000E+00 -2.5624E-05  0.0000E+00 -5.9783E-05 
 0.0000E+00  0.0000E+00  0.0000E+00  0.0000E+00  0.0000E+00  0.0000E+00 
 0.0000E+00  0.0000E+00  0.0000E+00  0.0000E+00  0.0000E+00  0.0000E+00 
-2.5624E-05  0.0000E+00  0.0000E+00 -2.5624E-05  0.0000E+00 -5.9783E-05 
-2.5624E-05  0.0000E+00  0.0000E+00 -2.5624E-05  0.0000E+00 -5.9783E-05 

--------------------------------------------------------------
--------------------------------------------------------------

3-D EmbeddedElt       at increment:       304,        load:  0
hexa8
16
1 7  0.0000E+00  0.0000E+00  0.0000E+00 -1.6692E+11 -3.8531E+11 -1.6692E+11 
2 6  1.0000E+00  0.0000E+00  0.0000E+00  0.0000E+00 -3.8531E+11 -1.6692E+11 
3 2  0.0000E+00  1.0384E+00  0.0000E+00  0.0000E+00  3.8531E+11  0.0000E+00 
4 6  1.0000E+00  1.0384E+00  0.0000E+00  0.0000E+00  3.8531E+11 -1.6692E+11 
5 3  0.0000E+00  0.0000E+00  1.0000E+00 -1.6692E+11 -3.8531E+11  0.0000E+00 
6 2  1.0000E+00  0.0000E+00  1.0000E+00  0.0000E+00 -3.8531E+11  0.0000E+00 
7 3  0.0000E+00  1.0384E+00  1.0000E+00 -1.6692E+11  3.8531E+11  0.0000E+00 
8 2  1.0000E+00  1.0384E+00  1.0000E+00  0.0000E+00  3.8531E+11  0.0000E+00 
9 8  0.0000E+00  0.0000E+00  4.0000E-01  2.7075E-07  6.4060E-07  3.1584E-06 
10 8  1.0000E+00  0.0000E+00  4.0000E-01 -2.7075E-07  6.4060E-07  3.1584E-06 
11 8  0.0000E+00  1.0000E+00  4.0000E-01  1.0104E-06 -6.4060E-07  1.1787E-05 
12 8  1.0000E+00  1.0000E+00  4.0000E-01 -1.0104E-06 -6.4060E-07  1.1787E-05 
13 8  0.0000E+00  0.0000E+00  6.0000E-01  2.7075E-07  6.4060E-07 -3.1584E-06 
14 8  1.0000E+00  0.0000E+00  6.0000E-01 -2.7075E-07  6.4060E-07 -3.1584E-06 
15 8  0.0000E+00  1.0000E+00  6.0000E-01  1.0104E-06 -6.4060E-07 -1.1787E-05 
16 8  1.0000E+00  1.0000E+00  6.0000E-01 -1.0104E-06 -6.4060E-07 -1.1787E-05 
2
1 1 1 2 4 3 5 6 8 7 
2 1 9 10 12 11 13 14 16 15 
 4.1900E+09  0.0000E+00  0.0000E+00  9.9916E+09  5.1606E-07  4.1900E+09 
 4.1900E+09  0.0000E+00  0.0000E+00  9.9916E+09  5.1606E-07  4.1900E+09 
 4.1900E+09  0.0000E+00  0.0000E+00  9.9916E+09 -2.1568E-06  4.1900E+09 
 4.1900E+09  0.0000E+00  0.0000E+00  9.9916E+09 -2.1568E-06  4.1900E+09 
 4.1900E+09  0.0000E+00  0.0000E+00  9.9916E+09  5.1606E-07  4.1900E+09 
 4.1900E+09  0.0000E+00  0.0000E+00  9.9916E+09  5.1606E-07  4.1900E+09 
 4.1900E+09  0.0000E+00  0.0000E+00  9.9916E+09 -2.1568E-06  4.1900E+09 
 4.1900E+09  0.0000E+00  0.0000E+00  9.9916E+09 -2.1568E-06  4.1900E+09 
 0.0000E+00  0.0000E+00  0.0000E+00  0.0000E+00  0.0000E+00  0.0000E+00 
 0.0000E+00  0.0000E+00  0.0000E+00  0.0000E+00  0.0000E+00  0.0000E+00 
-2.5624E-05  0.0000E+00  0.0000E+00 -2.5624E-05  0.0000E+00 -5.9783E-05 
-2.5624E-05  0.0000E+00  0.0000E+00 -2.5624E-05  0.0000E+00 -5.9783E-05 
 0.0000E+00  0.0000E+00  0.0000E+00  0.0000E+00  0.0000E+00  0.0000E+00 
 0.0000E+00  0.0000E+00  0.0000E+00  0.0000E+00  0.0000E+00  0.0000E+00 
-2.5624E-05  0.0000E+00  0.0000E+00 -2.5624E-05  0.0000E+00 -5.9783E-05 
-2.5624E-05  0.0000E+00  0.0000E+00 -2.5624E-05  0.0000E+00 -5.9783E-05 

--------------------------------------------------------------
--------------------------------------------------------------

