
step = 0     time = 0.00e+00     dt = 5.21e-07

step = 1     time = 5.21e-07     dt = 5.21e-07

step = 2     time = 1.04e-06     dt = 5.21e-07

step = 3     time = 1.56e-06     dt = 5.21e-07

step = 4     time = 2.08e-06     dt = 5.21e-07
Displacment
-2.2406E-08  5.9748E-09  0.0000E+00 
-1.0694E-08 -6.1910E-09  0.0000E+00 
-5.9748E-09 -2.2406E-08  0.0000E+00 
 6.1910E-09 -1.0694E-08  0.0000E+00 
 2.2406E-08 -5.9748E-09  0.0000E+00 
 1.0694E-08  6.1910E-09  0.0000E+00 
 5.9748E-09  2.2406E-08  0.0000E+00 
-6.1910E-09  1.0694E-08  0.0000E+00 
-5.5535E-19 -6.0933E-18  0.0000E+00 
-1.4075E-08  3.7534E-09  5.5732E-08 
-1.6887E-08 -9.7765E-09  5.0529E-08 
-3.7534E-09 -1.4075E-08  5.5732E-08 
 9.7765E-09 -1.6887E-08  5.0529E-08 
 1.4075E-08 -3.7534E-09  5.5732E-08 
 1.6887E-08  9.7765E-09  5.0529E-08 
 3.7534E-09  1.4075E-08  5.5732E-08 
-9.7765E-09  1.6887E-08  5.0529E-08 
-5.9016E-19 -5.8731E-18  4.7668E-08 
-5.7443E-09  1.5318E-09  1.0422E-07 
-2.3080E-08 -1.3362E-08  1.0422E-07 
-1.5318E-09 -5.7443E-09  1.0422E-07 
 1.3362E-08 -2.3080E-08  1.0422E-07 
 5.7443E-09 -1.5318E-09  1.0422E-07 
 2.3080E-08  1.3362E-08  1.0422E-07 
 1.5318E-09  5.7443E-09  1.0422E-07 
-1.3362E-08  2.3080E-08  1.0422E-07 
 1.4651E-20 -4.9485E-18  1.0422E-07 

step = 5     time = 2.61e-06     dt = 5.21e-07

step = 6     time = 3.13e-06     dt = 5.21e-07

step = 7     time = 3.65e-06     dt = 5.21e-07

step = 8     time = 4.17e-06     dt = 5.21e-07

step = 9     time = 4.69e-06     dt = 5.21e-07
Displacment
-3.3221E-08  8.8588E-09  0.0000E+00 
-3.3038E-08 -1.9127E-08  0.0000E+00 
-8.8588E-09 -3.3221E-08  0.0000E+00 
 1.9127E-08 -3.3038E-08  0.0000E+00 
 3.3221E-08 -8.8588E-09  0.0000E+00 
 3.3038E-08  1.9127E-08  0.0000E+00 
 8.8588E-09  3.3221E-08  0.0000E+00 
-1.9127E-08  3.3038E-08  0.0000E+00 
-5.2836E-17  2.1920E-16  0.0000E+00 
-3.5362E-08  9.4298E-09  1.0709E-07 
-3.4266E-08 -1.9838E-08  1.1203E-07 
-9.4298E-09 -3.5362E-08  1.0709E-07 
 1.9838E-08 -3.4266E-08  1.1203E-07 
 3.5362E-08 -9.4298E-09  1.0709E-07 
 3.4266E-08  1.9838E-08  1.1203E-07 
 9.4298E-09  3.5362E-08  1.0709E-07 
-1.9838E-08  3.4266E-08  1.1203E-07 
-5.0067E-17  2.1406E-16  1.2264E-07 
-3.7502E-08  1.0001E-08  2.3449E-07 
-3.5495E-08 -2.0550E-08  2.3449E-07 
-1.0001E-08 -3.7502E-08  2.3449E-07 
 2.0550E-08 -3.5495E-08  2.3449E-07 
 3.7502E-08 -1.0001E-08  2.3449E-07 
 3.5495E-08  2.0550E-08  2.3449E-07 
 1.0001E-08  3.7502E-08  2.3449E-07 
-2.0550E-08  3.5495E-08  2.3449E-07 
-4.7731E-17  2.0882E-16  2.3449E-07 

step = 10     time = 5.21e-06     dt = 5.21e-07

step = 11     time = 5.73e-06     dt = 5.21e-07

step = 12     time = 6.25e-06     dt = 5.21e-07

step = 13     time = 6.77e-06     dt = 5.21e-07

step = 14     time = 7.30e-06     dt = 5.21e-07
Displacment
-5.5400E-08  1.4773E-08  0.0000E+00 
-5.3130E-08 -3.0760E-08  0.0000E+00 
-1.4773E-08 -5.5400E-08  0.0000E+00 
 3.0760E-08 -5.3130E-08  0.0000E+00 
 5.5400E-08 -1.4773E-08  0.0000E+00 
 5.3130E-08  3.0760E-08  0.0000E+00 
 1.4773E-08  5.5400E-08  0.0000E+00 
-3.0760E-08  5.3130E-08  0.0000E+00 
 9.2680E-16 -4.1139E-15  0.0000E+00 
-5.2954E-08  1.4121E-08  1.7036E-07 
-4.9266E-08 -2.8522E-08  1.9244E-07 
-1.4121E-08 -5.2954E-08  1.7036E-07 
 2.8522E-08 -4.9266E-08  1.9244E-07 
 5.2954E-08 -1.4121E-08  1.7036E-07 
 4.9266E-08  2.8522E-08  1.9244E-07 
 1.4121E-08  5.2954E-08  1.7036E-07 
-2.8522E-08  4.9266E-08  1.9244E-07 
 9.2775E-16 -4.1138E-15  1.8666E-07 
-5.0507E-08  1.3469E-08  3.6476E-07 
-4.5402E-08 -2.6285E-08  3.6476E-07 
-1.3469E-08 -5.0507E-08  3.6476E-07 
 2.6285E-08 -4.5402E-08  3.6476E-07 
 5.0507E-08 -1.3469E-08  3.6476E-07 
 4.5402E-08  2.6285E-08  3.6476E-07 
 1.3469E-08  5.0507E-08  3.6476E-07 
-2.6285E-08  4.5402E-08  3.6476E-07 
 9.2728E-16 -4.1133E-15  3.6476E-07 

step = 15     time = 7.82e-06     dt = 5.21e-07

step = 16     time = 8.34e-06     dt = 5.21e-07

step = 17     time = 8.86e-06     dt = 5.21e-07

step = 18     time = 9.38e-06     dt = 5.21e-07

step = 19     time = 9.90e-06     dt = 5.21e-07
Displacment
-7.0718E-08  1.8858E-08  0.0000E+00 
-5.6234E-08 -3.2556E-08  0.0000E+00 
-1.8858E-08 -7.0719E-08  0.0000E+00 
 3.2556E-08 -5.6234E-08  0.0000E+00 
 7.0719E-08 -1.8858E-08  0.0000E+00 
 5.6234E-08  3.2556E-08  0.0000E+00 
 1.8858E-08  7.0719E-08  0.0000E+00 
-3.2556E-08  5.6234E-08  0.0000E+00 
-1.9744E-14  8.3705E-14  0.0000E+00 
-7.2378E-08  1.9301E-08  2.5639E-07 
-6.6039E-08 -3.8233E-08  2.3413E-07 
-1.9301E-08 -7.2379E-08  2.5639E-07 
 3.8233E-08 -6.6039E-08  2.3413E-07 
 7.2378E-08 -1.9301E-08  2.5639E-07 
 6.6039E-08  3.8233E-08  2.3413E-07 
 1.9301E-08  7.2378E-08  2.5639E-07 
-3.8233E-08  6.6039E-08  2.3413E-07 
-1.9745E-14  8.3707E-14  2.4517E-07 
-7.4038E-08  1.9743E-08  4.9503E-07 
-7.5845E-08 -4.3910E-08  4.9503E-07 
-1.9744E-08 -7.4039E-08  4.9503E-07 
 4.3910E-08 -7.5845E-08  4.9503E-07 
 7.4038E-08 -1.9743E-08  4.9503E-07 
 7.5845E-08  4.3910E-08  4.9503E-07 
 1.9743E-08  7.4038E-08  4.9503E-07 
-4.3910E-08  7.5845E-08  4.9503E-07 
-1.9747E-14  8.3708E-14  4.9503E-07 

step = 20     time = 1.04e-05     dt = 5.21e-07

step = 21     time = 1.09e-05     dt = 5.21e-07

step = 22     time = 1.15e-05     dt = 5.21e-07

step = 23     time = 1.20e-05     dt = 5.21e-07

step = 24     time = 1.25e-05     dt = 5.21e-07
Displacment
-9.9765E-08  2.6604E-08  0.0000E+00 
-8.8935E-08 -5.1491E-08  0.0000E+00 
-2.6601E-08 -9.9754E-08  0.0000E+00 
 5.1488E-08 -8.8936E-08  0.0000E+00 
 9.9760E-08 -2.6602E-08  0.0000E+00 
 8.8937E-08  5.1489E-08  0.0000E+00 
 2.6604E-08  9.9764E-08  0.0000E+00 
-5.1490E-08  8.8937E-08  0.0000E+00 
 4.1591E-13 -1.6978E-12  0.0000E+00 
-9.1740E-08  2.4465E-08  3.1892E-07 
-8.2957E-08 -4.8030E-08  3.3033E-07 
-2.4461E-08 -9.1730E-08  3.1892E-07 
 4.8027E-08 -8.2958E-08  3.3033E-07 
 9.1735E-08 -2.4462E-08  3.1892E-07 
 8.2959E-08  4.8028E-08  3.3033E-07 
 2.4464E-08  9.1739E-08  3.1892E-07 
-4.8029E-08  8.2959E-08  3.3033E-07 
 4.1591E-13 -1.6978E-12  3.1621E-07 
-8.3715E-08  2.2324E-08  6.2529E-07 
-7.6978E-08 -4.4569E-08  6.2529E-07 
-2.2321E-08 -8.3705E-08  6.2529E-07 
 4.4566E-08 -7.6979E-08  6.2529E-07 
 8.3710E-08 -2.2322E-08  6.2529E-07 
 7.6980E-08  4.4567E-08  6.2529E-07 
 2.2324E-08  8.3714E-08  6.2529E-07 
-4.4567E-08  7.6980E-08  6.2529E-07 
 4.1591E-13 -1.6978E-12  6.2529E-07 

step = 25     time = 1.30e-05     dt = 5.21e-07

step = 26     time = 1.35e-05     dt = 5.21e-07

step = 27     time = 1.41e-05     dt = 5.21e-07

step = 28     time = 1.46e-05     dt = 5.21e-07

step = 29     time = 1.51e-05     dt = 5.21e-07
Displacment
-1.0429E-07  2.7803E-08  0.0000E+00 
-9.4418E-08 -5.4625E-08  0.0000E+00 
-2.7854E-08 -1.0447E-07  0.0000E+00 
 5.4670E-08 -9.4405E-08  0.0000E+00 
 1.0440E-07 -2.7848E-08  0.0000E+00 
 9.4382E-08  5.4670E-08  0.0000E+00 
 2.7810E-08  1.0427E-07  0.0000E+00 
-5.4640E-08  9.4386E-08  0.0000E+00 
-8.7479E-12  3.4452E-11  0.0000E+00 
-1.0952E-07  2.9197E-08  3.7477E-07 
-9.7968E-08 -5.6680E-08  3.6159E-07 
-2.9248E-08 -1.0970E-07  3.7477E-07 
 5.6725E-08 -9.7954E-08  3.6159E-07 
 1.0963E-07 -2.9242E-08  3.7477E-07 
 9.7931E-08  5.6725E-08  3.6159E-07 
 2.9205E-08  1.0950E-07  3.7477E-07 
-5.6695E-08  9.7935E-08  3.6159E-07 
-8.7480E-12  3.4453E-11  3.7328E-07 
-1.1475E-07  3.0592E-08  7.5556E-07 
-1.0152E-07 -5.8735E-08  7.5556E-07 
-3.0642E-08 -1.1493E-07  7.5556E-07 
 5.8780E-08 -1.0150E-07  7.5556E-07 
 1.1486E-07 -3.0636E-08  7.5556E-07 
 1.0148E-07  5.8780E-08  7.5556E-07 
 3.0599E-08  1.1473E-07  7.5556E-07 
-5.8750E-08  1.0148E-07  7.5556E-07 
-8.7481E-12  3.4453E-11  7.5556E-07 

step = 30     time = 1.56e-05     dt = 5.21e-07

step = 31     time = 1.62e-05     dt = 5.21e-07

step = 32     time = 1.67e-05     dt = 5.21e-07

step = 33     time = 1.72e-05     dt = 5.21e-07

step = 34     time = 1.77e-05     dt = 5.21e-07
Displacment
-1.3118E-07  3.5152E-08  0.0000E+00 
-1.2128E-07 -7.0934E-08  0.0000E+00 
-3.4207E-08 -1.2791E-07  0.0000E+00 
 7.0108E-08 -1.2149E-07  0.0000E+00 
 1.2902E-07 -3.4234E-08  0.0000E+00 
 1.2202E-07  7.0008E-08  0.0000E+00 
 3.5079E-08  1.3191E-07  0.0000E+00 
-7.0711E-08  1.2189E-07  0.0000E+00 
 1.8367E-10 -6.9929E-10  0.0000E+00 
-1.3106E-07  3.5119E-08  4.3726E-07 
-1.1597E-07 -6.7862E-08  4.5239E-07 
-3.4173E-08 -1.2779E-07  4.3726E-07 
 6.7036E-08 -1.1618E-07  4.5239E-07 
 1.2889E-07 -3.4201E-08  4.3726E-07 
 1.1672E-07  6.6936E-08  4.5239E-07 
 3.5046E-08  1.3179E-07  4.3726E-07 
-6.7638E-08  1.1658E-07  4.5239E-07 
 1.8367E-10 -6.9929E-10  4.4261E-07 
-1.3093E-07  3.5085E-08  8.8583E-07 
-1.1067E-07 -6.4790E-08  8.8583E-07 
-3.4140E-08 -1.2766E-07  8.8583E-07 
 6.3964E-08 -1.1088E-07  8.8583E-07 
 1.2877E-07 -3.4167E-08  8.8583E-07 
 1.1141E-07  6.3864E-08  8.8583E-07 
 3.5012E-08  1.3166E-07  8.8583E-07 
-6.4566E-08  1.1127E-07  8.8583E-07 
 1.8367E-10 -6.9928E-10  8.8583E-07 

step = 35     time = 1.82e-05     dt = 5.21e-07

step = 36     time = 1.88e-05     dt = 5.21e-07

step = 37     time = 1.93e-05     dt = 5.21e-07

step = 38     time = 1.98e-05     dt = 5.21e-07

step = 39     time = 2.03e-05     dt = 5.21e-07
Displacment
-1.2355E-07  2.9490E-08  0.0000E+00 
-1.4037E-07 -6.7145E-08  0.0000E+00 
-4.8084E-08 -1.8782E-07  0.0000E+00 
 8.3134E-08 -1.3671E-07  0.0000E+00 
 1.6821E-07 -4.8313E-08  0.0000E+00 
 1.2537E-07  8.6080E-08  0.0000E+00 
 3.0480E-08  1.0680E-07  0.0000E+00 
-7.1026E-08  1.2849E-07  0.0000E+00 
-3.8500E-09  1.4197E-08  0.0000E+00 
-1.2450E-07  2.9743E-08  5.1304E-07 
-1.3925E-07 -6.6496E-08  5.0315E-07 
-4.8337E-08 -1.8877E-07  5.1304E-07 
 8.2485E-08 -1.3559E-07  5.0315E-07 
 1.6916E-07 -4.8566E-08  5.1304E-07 
 1.2425E-07  8.5431E-08  5.0315E-07 
 3.0733E-08  1.0774E-07  5.1304E-07 
-7.0377E-08  1.2737E-07  5.0315E-07 
-3.8500E-09  1.4197E-08  5.0909E-07 
-1.2545E-07  2.9995E-08  1.0161E-06 
-1.3813E-07 -6.5847E-08  1.0161E-06 
-4.8589E-08 -1.8971E-07  1.0161E-06 
 8.1836E-08 -1.3447E-07  1.0161E-06 
 1.7011E-07 -4.8818E-08  1.0161E-06 
 1.2313E-07  8.4782E-08  1.0161E-06 
 3.0985E-08  1.0869E-07  1.0161E-06 
-6.9728E-08  1.2625E-07  1.0161E-06 
-3.8501E-09  1.4197E-08  1.0161E-06 

step = 40     time = 2.08e-05     dt = 5.21e-07

step = 41     time = 2.14e-05     dt = 5.21e-07

step = 42     time = 2.19e-05     dt = 5.21e-07

step = 43     time = 2.24e-05     dt = 5.21e-07

step = 44     time = 2.29e-05     dt = 5.21e-07
Displacment
-6.3264E-07  2.3872E-07  0.0000E+00 
 7.0048E-09 -2.8023E-07  0.0000E+00 
 1.3499E-07  6.6119E-07  0.0000E+00 
-3.9044E-08 -6.2406E-08  0.0000E+00 
-2.8925E-07  1.4725E-07  0.0000E+00 
 2.9740E-07 -1.0729E-07  0.0000E+00 
 2.2072E-07  9.8227E-07  0.0000E+00 
-2.0473E-07  2.3210E-07  0.0000E+00 
 8.0562E-08 -2.8855E-07  0.0000E+00 
-6.3368E-07  2.3899E-07  5.7912E-07 
 3.3953E-09 -2.8232E-07  5.7238E-07 
 1.3471E-07  6.6015E-07  5.7912E-07 
-3.6954E-08 -6.6015E-08  5.7238E-07 
-2.8821E-07  1.4697E-07  5.7912E-07 
 3.0101E-07 -1.0520E-07  5.7238E-07 
 2.2100E-07  9.8331E-07  5.7912E-07 
-2.0681E-07  2.3571E-07  5.7238E-07 
 8.0562E-08 -2.8855E-07  5.6471E-07 
-6.3472E-07  2.3927E-07  1.1464E-06 
-2.1413E-10 -2.8441E-07  1.1464E-06 
 1.3444E-07  6.5910E-07  1.1464E-06 
-3.4864E-08 -6.9625E-08  1.1464E-06 
-2.8716E-07  1.4669E-07  1.1464E-06 
 3.0461E-07 -1.0311E-07  1.1464E-06 
 2.2127E-07  9.8435E-07  1.1464E-06 
-2.0890E-07  2.3931E-07  1.1464E-06 
 8.0561E-08 -2.8855E-07  1.1464E-06 

step = 45     time = 2.34e-05     dt = 5.21e-07

step = 46     time = 2.40e-05     dt = 5.21e-07

step = 47     time = 2.45e-05     dt = 5.21e-07

step = 48     time = 2.50e-05     dt = 5.21e-07

step = 49     time = 2.55e-05     dt = 5.20e-07
Displacment
 9.5067E-06 -3.9950E-06  0.0000E+00 
-3.3290E-06  3.9297E-06  0.0000E+00 
-3.7178E-06 -1.7052E-05  0.0000E+00 
 2.6190E-06 -1.9164E-06  0.0000E+00 
 9.6489E-06 -3.9877E-06  0.0000E+00 
-2.9863E-06  4.1198E-06  0.0000E+00 
-3.6558E-06 -1.6989E-05  0.0000E+00 
 2.4335E-06 -1.6103E-06  0.0000E+00 
-1.6760E-06  5.9697E-06  0.0000E+00 
 9.5086E-06 -3.9955E-06  6.3819E-07 
-3.3200E-06  3.9349E-06  6.4383E-07 
-3.7173E-06 -1.7050E-05  6.3824E-07 
 2.6138E-06 -1.9074E-06  6.4385E-07 
 9.6471E-06 -3.9872E-06  6.3823E-07 
-2.9953E-06  4.1146E-06  6.4382E-07 
-3.6563E-06 -1.6991E-05  6.3818E-07 
 2.4387E-06 -1.6193E-06  6.4380E-07 
-1.6760E-06  5.9697E-06  6.4590E-07 
 9.5105E-06 -3.9960E-06  1.2766E-06 
-3.3110E-06  3.9401E-06  1.2766E-06 
-3.7169E-06 -1.7048E-05  1.2766E-06 
 2.6086E-06 -1.8984E-06  1.2766E-06 
 9.6453E-06 -3.9867E-06  1.2766E-06 
-3.0043E-06  4.1094E-06  1.2766E-06 
-3.6569E-06 -1.6993E-05  1.2766E-06 
 2.4439E-06 -1.6283E-06  1.2766E-06 
-1.6760E-06  5.9697E-06  1.2766E-06 

step = 50     time = 2.61e-05     dt = 5.19e-07

step = 51     time = 2.66e-05     dt = 5.18e-07

step = 52     time = 2.71e-05     dt = 5.15e-07

step = 53     time = 2.76e-05     dt = 5.11e-07

step = 54     time = 2.81e-05     dt = 5.01e-07
Displacment
-1.9041E-04  7.4102E-05  0.0000E+00 
 9.9167E-05 -1.1385E-04  0.0000E+00 
 1.3343E-04  6.1557E-04  0.0000E+00 
-9.4830E-05  4.5952E-05  0.0000E+00 
-2.5159E-04  1.1570E-04  0.0000E+00 
 9.7330E-05 -1.0397E-04  0.0000E+00 
 1.0329E-04  4.0520E-04  0.0000E+00 
-7.9587E-05  3.7442E-05  0.0000E+00 
 2.9168E-05 -1.7015E-04  0.0000E+00 
-1.9042E-04  7.4103E-05  6.9733E-07 
 9.9159E-05 -1.1385E-04  6.9294E-07 
 1.3342E-04  6.1556E-04  7.0012E-07 
-9.4825E-05  4.5945E-05  6.9350E-07 
-2.5159E-04  1.1570E-04  6.9903E-07 
 9.7336E-05 -1.0396E-04  6.9237E-07 
 1.0330E-04  4.0520E-04  6.9646E-07 
-7.9591E-05  3.7449E-05  6.9186E-07 
 2.9168E-05 -1.7015E-04  6.9138E-07 
-1.9042E-04  7.4105E-05  1.4057E-06 
 9.9152E-05 -1.1386E-04  1.4057E-06 
 1.3342E-04  6.1555E-04  1.4057E-06 
-9.4821E-05  4.5938E-05  1.4057E-06 
-2.5158E-04  1.1570E-04  1.4057E-06 
 9.7343E-05 -1.0396E-04  1.4057E-06 
 1.0330E-04  4.0521E-04  1.4057E-06 
-7.9594E-05  3.7455E-05  1.4057E-06 
 2.9168E-05 -1.7015E-04  1.4057E-06 

step = 55     time = 2.86e-05     dt = 4.83e-07

step = 56     time = 2.91e-05     dt = 4.46e-07

step = 57     time = 2.95e-05     dt = 3.38e-07

step = 58     time = 2.99e-05     dt = 3.52e-08

step = 59     time = 2.99e-05     dt = 6.60e-07
Displacment
-6.6965E-01 -3.5965E-01  0.0000E+00 
 2.5233E-01  7.8369E-01  0.0000E+00 
 3.1159E+00  1.5854E+00  0.0000E+00 
-7.9854E-01 -7.9013E-01  0.0000E+00 
-2.0885E-01 -1.7719E-02  0.0000E+00 
 7.1346E+00 -1.4239E+00  0.0000E+00 
-8.3252E-01 -3.9791E+00  0.0000E+00 
-7.5936E+00  2.3388E+00  0.0000E+00 
 1.7560E-01  1.2561E-01  0.0000E+00 
-6.6916E-01 -3.5933E-01 -2.2208E-04 
 2.5208E-01  7.8312E-01 -8.5054E-04 
 3.1137E+00  1.5841E+00 -2.2449E-03 
-7.9793E-01 -7.8961E-01 -3.4719E-04 
-2.0872E-01 -1.7679E-02  2.0993E-04 
 7.1355E+00 -1.4241E+00 -6.1774E-04 
-8.3245E-01 -3.9794E+00 -1.5158E-03 
-7.5942E+00  2.3388E+00  9.2525E-05 
 1.7565E-01  1.2590E-01 -1.6794E-04 
-6.6868E-01 -3.5901E-01  1.4959E-06 
 2.5184E-01  7.8256E-01  1.4959E-06 
 3.1114E+00  1.5829E+00  1.4959E-06 
-7.9733E-01 -7.8910E-01  1.4959E-06 
-2.0859E-01 -1.7640E-02  1.4959E-06 
 7.1363E+00 -1.4242E+00  1.4959E-06 
-8.3238E-01 -3.9797E+00  1.4959E-06 
-7.5948E+00  2.3387E+00  1.4959E-06 
 1.7570E-01  1.2618E-01  1.4959E-06 

step = 60     time = 3.06e-05     dt = 4.76e-07

step = 61     time = 3.11e-05     dt = 1.37e+01
Displacment
 1.2678E+66 -6.6812E+65  0.0000E+00 
 1.8128E+66 -5.8509E+66  0.0000E+00 
 9.4528E+63 -3.5861E+63  0.0000E+00 
-1.9333E+67 -7.7906E+66  0.0000E+00 
 4.2729E+67 -4.0837E+68  0.0000E+00 
-5.7986E+72  1.8022E+72  0.0000E+00 
 8.8078E+71  7.6523E+72  0.0000E+00 
 5.6970E+72 -1.3577E+72  0.0000E+00 
-2.7977E+70 -1.2979E+71  0.0000E+00 
 1.1793E+68  2.7312E+68  6.6576E+64 
-1.7772E+67  2.9085E+67  7.5495E+64 
-3.2837E+64  3.0677E+64  3.9415E+62 
 9.5265E+67  2.5280E+67  1.7179E+65 
 1.0641E+68  1.2557E+69  9.8210E+65 
 4.2380E+73 -5.1408E+72 -4.5727E+70 
-3.0905E+72 -3.4024E+72 -3.2921E+71 
-4.0795E+73  1.4609E+73 -3.1334E+70 
 9.6668E+70  1.4031E+72 -3.0037E+69 
 2.1850E+68  6.0385E+68  1.5527E-06 
-1.9264E+67  4.7864E+67  1.5527E-06 
-1.1552E+65  5.3905E+64  1.5527E-06 
 1.4446E+68  7.6382E+67  1.5527E-06 
-9.5590E+67  3.3219E+69  1.5527E-06 
 1.0981E+74 -2.4681E+73  1.5527E-06 
-1.1068E+73 -8.0088E+73  1.5527E-06 
-1.0663E+74  2.8047E+73  1.5527E-06 
 1.8562E+71  2.3323E+72  1.5527E-06 
