2-D Example       at increment:       1,        load:  1
quad4
4
1 3  0.0000E+00  0.0000E+00  2.4305E-13 -4.9610E-02 
2 2  9.6806E-01  0.0000E+00  0.0000E+00 -4.9610E-02 
3 2  9.6806E-01  1.1000E+00  0.0000E+00  4.9610E-02 
4 3  0.0000E+00  1.1000E+00  2.4305E-13  4.9610E-02 
1
1 1 1 2 3 4 
-4.4191E-13  0.0000E+00  1.0249E-01 
-4.4191E-13  0.0000E+00  1.0249E-01 
-4.4191E-13  0.0000E+00  1.0249E-01 
-4.4191E-13  0.0000E+00  1.0249E-01 

--------------------------------------------------------
--------------------------------------------------------

2-D Example       at increment:       2,        load:  2
quad4
4
1 3  0.0000E+00  0.0000E+00  1.8174E-13 -9.3164E-02 
2 2  9.3863E-01  0.0000E+00  0.0000E+00 -9.3164E-02 
3 2  9.3863E-01  1.2000E+00  0.0000E+00  9.3164E-02 
4 3  0.0000E+00  1.2000E+00  1.8174E-13  9.3164E-02 
1
1 1 1 2 3 4 
-3.0290E-13  0.0000E+00  1.9851E-01 
-3.0290E-13  0.0000E+00  1.9851E-01 
-3.0290E-13  0.0000E+00  1.9851E-01 
-3.0290E-13  0.0000E+00  1.9851E-01 

--------------------------------------------------------
--------------------------------------------------------

2-D Example       at increment:       3,        load:  3
quad4
4
1 3  0.0000E+00  0.0000E+00  1.4072E-13 -1.3223E-01 
2 2  9.1132E-01  0.0000E+00  0.0000E+00 -1.3223E-01 
3 2  9.1132E-01  1.3000E+00  0.0000E+00  1.3223E-01 
4 3  0.0000E+00  1.3000E+00  1.4072E-13  1.3223E-01 
1
1 1 1 2 3 4 
-2.1649E-13  0.0000E+00  2.9020E-01 
-2.1649E-13  0.0000E+00  2.9020E-01 
-2.1649E-13  0.0000E+00  2.9020E-01 
-2.1649E-13  0.0000E+00  2.9020E-01 

--------------------------------------------------------
--------------------------------------------------------

2-D Example       at increment:       4,        load:  4
quad4
4
1 3  0.0000E+00  0.0000E+00  1.1206E-13 -1.6790E-01 
2 2  8.8585E-01  0.0000E+00  0.0000E+00 -1.6790E-01 
3 2  8.8585E-01  1.4000E+00  0.0000E+00  1.6790E-01 
4 3  0.0000E+00  1.4000E+00  1.1206E-13  1.6790E-01 
1
1 1 1 2 3 4 
-1.6008E-13  0.0000E+00  3.7906E-01 
-1.6008E-13  0.0000E+00  3.7906E-01 
-1.6008E-13  0.0000E+00  3.7906E-01 
-1.6008E-13  0.0000E+00  3.7906E-01 

--------------------------------------------------------
--------------------------------------------------------

