9.9880e-01 1.8874e-15 -1.1102e-15 
2.7334e-17 1.0040e+00 0000 
2.1691e-15 1.1102e-15 9.9880e-01 
9.9880e-01 3.4417e-15 5.5511e-16 
0000 0001 0000 
3.5760e-15 1.8874e-15 9.9880e-01 
1.0010e+00 2.1649e-15 1.1657e-15 
-2.5204e-17 1.0000e+00 0000 
1.9473e-15 4.4409e-16 1.0010e+00 
1.0014e+00 -8.3267e-16 3.8858e-16 
5.6366e-17 1.0000e+00 0000 
-1.2932e-15 -1.4433e-15 1.0014e+00 
9.9924e-01 -2.6090e-15 5.5511e-17 
-1.2903e-17 1.0000e+00 0000 
-3.1824e-15 -1.6653e-15 9.9924e-01 
9.9849e-01 -2.1649e-15 4.9960e-16 
6.2460e-17 1.0000e+00 0000 
-2.3429e-15 3.3307e-16 9.9849e-01 
1.0005e+00 -3.3307e-16 7.2164e-16 
-2.0639e-18 1.0000e+00 0000 
-7.9315e-18 2.3315e-15 1.0005e+00 
1.0016e+00 8.8818e-16 -3.3307e-16 
5.1874e-17 1.0000e+00 0000 
1.6244e-15 1.5543e-15 1.0016e+00 
9.9977e-01 8.3267e-16 -1.8874e-15 
2.1875e-17 1.0000e+00 0000 
1.5687e-15 -6.6613e-16 9.9977e-01 
9.9836e-01 3.3307e-16 -2.1649e-15 
8.1677e-18 1.0000e+00 0000 
1.0213e-15 -2.3315e-15 9.9836e-01 
9.9992e-01 5.5511e-16 -2.7756e-16 
-1.1510e-17 1.0000e+00 0000 
8.1447e-16 -1.5543e-15 9.9992e-01 
1.0016e+00 1.2768e-15 2.4980e-15 
2.9946e-18 1.0001e+00 0000 
3.4787e-16 6.6613e-16 1.0016e+00 
1.0003e+00 1.1102e-15 3.2196e-15 
-2.4298e-17 1.0001e+00 0000 
-1.0426e-15 1.9984e-15 1.0003e+00 
9.9842e-01 -6.1062e-16 1.0547e-15 
3.2388e-17 1.0001e+00 0000 
-2.8689e-15 1.2212e-15 9.9842e-01 
9.9936e-01 -2.3315e-15 -1.4988e-15 
2.8034e-17 1.0001e+00 0000 
-2.9988e-15 -8.8818e-16 9.9936e-01 
1.0014e+00 -2.5535e-15 -2.4980e-15 
-7.2616e-18 1.0001e+00 0000 
-3.7032e-16 -2.1094e-15 1.0014e+00 
1.0008e+00 -2.7756e-16 -1.3323e-15 
2.2949e-17 1.0001e+00 0000 
3.3020e-15 -9.9920e-16 1.0008e+00 
9.9867e-01 2.2204e-15 0000 
-1.1758e-17 1.0001e+00 0000 
4.6673e-15 1.3323e-15 9.9867e-01 
9.9888e-01 2.7756e-15 1.6653e-16 
-3.5723e-17 1.0001e+00 0000 
2.4083e-15 2.4425e-15 9.9888e-01 
1.0011e+00 7.7716e-16 -5.5511e-17 
6.8703e-18 1.0001e+00 0000 
-1.5347e-15 1.2212e-15 1.0011e+00 
1.0012e+00 -1.9429e-15 7.2164e-16 
-2.5029e-17 1.0001e+00 0000 
-3.7728e-15 -9.9920e-16 1.0012e+00 
9.9907e-01 -2.3870e-15 2.1094e-15 
4.7001e-17 1.0001e+00 0000 
-3.1163e-15 -2.3315e-15 9.9907e-01 
9.9853e-01 -6.6613e-16 2.1649e-15 
-1.4508e-17 1.0001e+00 0000 
-1.0194e-15 -1.6653e-15 9.9853e-01 
1.0006e+00 1.4988e-15 0000 
-2.5666e-17 1.0001e+00 0000 
7.1558e-16 0000 1.0006e+00 
1.0015e+00 2.3870e-15 -2.4980e-15 
1.8532e-17 1.0001e+00 0000 
1.3216e-15 1.1102e-15 1.0015e+00 
9.9958e-01 6.1062e-16 -3.2752e-15 
-5.4493e-17 1.0001e+00 0000 
2.1295e-15 1.2212e-15 9.9958e-01 
9.9835e-01 -1.6653e-15 -1.2768e-15 
4.0125e-17 1.0001e+00 0000 
2.6761e-15 4.4409e-16 9.9835e-01 
1.0001e+00 -2.1094e-15 1.4433e-15 
-1.1108e-17 1.0001e+00 0000 
2.1776e-15 3.3307e-16 1.0001e+00 
1.0016e+00 -5.5511e-16 2.2760e-15 
-5.9476e-17 1.0001e+00 0000 
-6.6160e-16 7.7716e-16 1.0016e+00 
1.0001e+00 1.1102e-15 1.1102e-15 
-2.9112e-18 1.0002e+00 0000 
-3.4526e-15 4.4409e-16 1.0001e+00 
9.9835e-01 1.4433e-15 -1.6653e-16 
4.9086e-17 1.0002e+00 0000 
-4.1162e-15 -9.9920e-16 9.9835e-01 
9.9949e-01 3.8858e-16 -1.6653e-16 
3.4750e-17 1.0002e+00 0000 
-1.7293e-15 -2.2204e-15 9.9949e-01 
1.0015e+00 -6.6613e-16 3.3307e-16 
2.0474e-17 1.0002e+00 0000 
1.9002e-15 -1.8874e-15 1.0015e+00 
1.0007e+00 -6.1062e-16 5.5511e-17 
5.2887e-17 1.0002e+00 0000 
3.6133e-15 1.1102e-16 1.0007e+00 
9.9855e-01 4.4409e-16 -1.1102e-15 
5.2586e-17 1.0002e+00 0000 
2.6336e-15 2.5535e-15 9.9855e-01 
9.9898e-01 1.0547e-15 -1.5543e-15 
-1.8863e-17 1.0002e+00 0000 
1.3599e-16 2.7756e-15 9.9898e-01 
1.0012e+00 2.2204e-16 -3.3307e-16 
1.9307e-17 1.0002e+00 0000 
-1.5594e-15 8.8818e-16 1.0012e+00 
1.0011e+00 -1.3878e-15 1.4433e-15 
4.8743e-17 1.0002e+00 0000 
-1.6582e-15 -1.7764e-15 1.0011e+00 
9.9891e-01 -1.8319e-15 1.8319e-15 
-1.2587e-17 1.0002e+00 0000 
-1.2445e-15 -2.8866e-15 9.9891e-01 
9.9859e-01 -3.8858e-16 4.4409e-16 
-2.4365e-17 1.0002e+00 0000 
-8.4593e-16 -1.2212e-15 9.9859e-01 
1.0007e+00 1.3323e-15 -1.3323e-15 
1.4561e-17 1.0002e+00 0000 
-1.9958e-17 1.5543e-15 1.0007e+00 
1.0014e+00 1.6653e-15 -1.7764e-15 
4.7003e-17 1.0002e+00 0000 
1.2554e-15 2.5535e-15 1.0014e+00 
9.9939e-01 8.8818e-16 -3.3307e-16 
2.5702e-17 1.0002e+00 0000 
2.6244e-15 1.1102e-15 9.9939e-01 
9.9835e-01 -4.9960e-16 1.2768e-15 
-7.6785e-18 1.0002e+00 0000 
2.3231e-15 -1.1102e-15 9.9835e-01 
1.0002e+00 -7.2164e-16 1.1657e-15 
-2.7314e-17 1.0002e+00 0000 
-4.2109e-16 -2.2204e-15 1.0002e+00 
1.0016e+00 -1.1102e-16 5.5511e-17 
-5.0716e-17 1.0002e+00 0000 
-3.3576e-15 -1.2212e-15 1.0016e+00 
9.9994e-01 2.2204e-16 -4.9960e-16 
-9.7682e-18 1.0002e+00 0000 
-3.7734e-15 3.3307e-16 9.9994e-01 
9.9830e-01 -2.2204e-16 1.6653e-16 
6.0847e-18 1.0003e+00 0000 
-1.0918e-15 1.4433e-15 9.9830e-01 
9.9963e-01 -1.1657e-15 6.6613e-16 
-4.9505e-17 1.0003e+00 0000 
2.2937e-15 1.1102e-15 9.9963e-01 
1.0015e+00 -1.0547e-15 0000 
6.2072e-18 1.0003e+00 0000 
3.5742e-15 1.1102e-16 1.0015e+00 
1.0005e+00 5.5511e-17 -1.6653e-15 
-3.4643e-17 1.0003e+00 0000 
2.2277e-15 -2.2204e-16 1.0005e+00 
9.9844e-01 1.9429e-15 -1.7764e-15 
3.7941e-17 1.0003e+00 0000 
-4.7533e-17 -1.1102e-16 9.9844e-01 
9.9910e-01 2.3315e-15 1.1102e-16 
-1.2765e-17 1.0003e+00 0000 
-1.3842e-15 0000 9.9910e-01 
1.0013e+00 5.5511e-16 2.2760e-15 
9.5667e-18 1.0003e+00 0000 
-1.8015e-15 -6.6613e-16 1.0013e+00 
1.0010e+00 -1.8874e-15 2.4980e-15 
4.7388e-17 1.0003e+00 0000 
-2.0597e-15 -1.4433e-15 1.0010e+00 
9.9875e-01 -2.6645e-15 6.1062e-16 
-1.4976e-17 1.0003e+00 0000 
-1.8839e-15 -8.8818e-16 9.9875e-01 
9.9866e-01 -1.2212e-15 -1.6653e-15 
4.8267e-17 1.0003e+00 0000 
-5.8973e-16 6.6613e-16 9.9866e-01 
1.0008e+00 1.2212e-15 -1.9429e-15 
-4.6255e-17 1.0003e+00 0000 
2.1911e-15 2.2204e-15 1.0008e+00 
1.0013e+00 2.4425e-15 -6.6613e-16 
3.7180e-17 1.0003e+00 0000 
4.1808e-15 2.1094e-15 1.0013e+00 
9.9920e-01 1.1102e-15 5.5511e-17 
9.6265e-18 1.0003e+00 0000 
3.4519e-15 1.1102e-16 9.9920e-01 
9.9837e-01 -9.9920e-16 -2.2204e-16 
5.9237e-17 1.0003e+00 0000 
-2.1970e-16 -1.9984e-15 9.9837e-01 
1.0003e+00 -1.8874e-15 -2.7756e-16 
-5.0787e-17 1.0003e+00 0000 
-3.6306e-15 -2.1094e-15 1.0003e+00 
1.0015e+00 -9.4369e-16 6.1062e-16 
-2.8469e-17 1.0003e+00 0000 
-4.3095e-15 -4.4409e-16 1.0015e+00 
9.9973e-01 8.3267e-16 1.9984e-15 
2.9697e-17 1.0003e+00 0000 
-1.7349e-15 1.3323e-15 9.9973e-01 
9.9826e-01 1.6098e-15 2.1094e-15 
-2.7411e-17 1.0003e+00 0000 
1.2517e-15 1.5543e-15 9.9826e-01 
9.9977e-01 6.6613e-16 0000 
6.1135e-17 1.0003e+00 0000 
2.5024e-15 -1.1102e-16 9.9977e-01 
1.0015e+00 -3.3307e-16 -2.6090e-15 
-9.4188e-18 1.0004e+00 0000 
2.0770e-15 -1.2212e-15 1.0015e+00 
1.0003e+00 -6.6613e-16 -3.1086e-15 
-4.1550e-17 1.0004e+00 0000 
1.0469e-15 -6.6613e-16 1.0003e+00 
9.9834e-01 -1.1102e-16 -9.9920e-16 
-3.3339e-17 1.0004e+00 0000 
5.8536e-16 9.9920e-16 9.9834e-01 
9.9922e-01 1.6653e-16 1.6098e-15 
5.1725e-18 1.0004e+00 0000 
-2.1780e-16 1.5543e-15 9.9922e-01 
1.0013e+00 -4.9960e-16 2.3315e-15 
-4.5700e-17 1.0004e+00 0000 
-1.8756e-15 4.4409e-16 1.0013e+00 
1.0008e+00 -8.3267e-16 1.2768e-15 
-4.0965e-17 1.0004e+00 0000 
-3.1444e-15 -1.4433e-15 1.0008e+00 
9.9860e-01 -1.6653e-16 -5.5511e-17 
-4.2731e-17 1.0004e+00 0000 
-1.9342e-15 -1.6653e-15 9.9860e-01 
9.9875e-01 1.3878e-15 -4.4409e-16 
4.6143e-17 1.0004e+00 0000 
9.5317e-16 -5.5511e-16 9.9875e-01 
1.0010e+00 2.1649e-15 -1.1102e-16 
4.1980e-17 1.0004e+00 0000 
3.6655e-15 1.2212e-15 1.0010e+00 
1.0012e+00 1.2212e-15 -5.5511e-16 
-3.9366e-17 1.0004e+00 0000 
3.4541e-15 1.6653e-15 1.0012e+00 
9.9901e-01 -9.9920e-16 -1.4433e-15 
-2.0127e-17 1.0004e+00 0000 
3.6137e-16 4.4409e-16 9.9901e-01 
9.9841e-01 -2.6645e-15 -1.3878e-15 
2.0148e-17 1.0004e+00 0000 
-2.4583e-15 -8.8818e-16 9.9841e-01 
1.0005e+00 -2.3315e-15 2.2204e-16 
-5.2958e-17 1.0004e+00 0000 
-2.9253e-15 -1.3323e-15 1.0005e+00 
1.0014e+00 5.5511e-17 2.3315e-15 
-2.1564e-17 1.0004e+00 0000 
-1.2806e-15 -3.3307e-16 1.0014e+00 
9.9953e-01 2.1094e-15 2.4980e-15 
5.5023e-17 1.0004e+00 0000 
5.9036e-16 8.8818e-16 9.9953e-01 
9.9824e-01 2.1094e-15 3.3307e-16 
-3.5192e-17 1.0004e+00 0000 
1.1880e-15 1.2212e-15 9.9824e-01 
9.9992e-01 4.4409e-16 -1.9429e-15 
-1.7503e-17 1.0004e+00 0000 
1.1082e-15 2.2204e-16 9.9992e-01 
1.0015e+00 -1.2212e-15 -2.2760e-15 
-2.9817e-17 1.0004e+00 0000 
1.0574e-15 -6.6613e-16 1.0015e+00 
1.0001e+00 -1.5543e-15 -8.3267e-16 
-5.3743e-17 1.0005e+00 0000 
1.1310e-15 -7.7716e-16 1.0001e+00 
9.9826e-01 -3.8858e-16 7.7716e-16 
9.2302e-18 1.0005e+00 0000 
1.3111e-16 -2.2204e-16 9.9826e-01 
9.9936e-01 9.9920e-16 1.1657e-15 
-4.1348e-17 1.0005e+00 0000 
-1.8461e-15 1.1102e-16 9.9936e-01 
1.0014e+00 9.4369e-16 6.1062e-16 
-2.1574e-17 1.0005e+00 0000 
-2.7517e-15 0000 1.0014e+00 
1.0006e+00 -1.1102e-16 2.2204e-16 
-5.4140e-17 1.0005e+00 0000 
-1.6724e-15 -2.2204e-16 1.0006e+00 
9.9846e-01 -9.9920e-16 4.4409e-16 
-2.2304e-17 1.0005e+00 0000 
1.0926e-15 -1.1102e-16 9.9846e-01 
9.9886e-01 -6.6613e-16 1.6653e-16 
5.6617e-17 1.0005e+00 0000 
3.2747e-15 8.8818e-16 9.9886e-01 
1.0011e+00 5.5511e-16 -9.4369e-16 
4.3206e-17 1.0005e+00 0000 
2.9058e-15 1.4433e-15 1.0011e+00 
1.0011e+00 1.1102e-15 -2.1649e-15 
-5.5889e-17 1.0005e+00 0000 
3.7335e-16 9.9920e-16 1.0011e+00 
9.9883e-01 3.3307e-16 -1.5543e-15 
-2.3450e-17 1.0005e+00 0000 
-1.7467e-15 -9.9920e-16 9.9883e-01 
9.9847e-01 -6.6613e-16 7.7716e-16 
-1.5521e-17 1.0005e+00 0000 
-2.2587e-15 -2.5535e-15 9.9847e-01 
1.0006e+00 -8.8818e-16 2.8311e-15 
2.1294e-17 1.0005e+00 0000 
-1.4633e-15 -1.9984e-15 1.0006e+00 
1.0014e+00 2.7756e-16 2.8866e-15 
-2.7638e-17 1.0005e+00 0000 
-4.8538e-16 4.4409e-16 1.0014e+00 
9.9932e-01 9.4369e-16 4.9960e-16 
-1.1153e-17 1.0005e+00 0000 
2.1319e-16 2.4425e-15 9.9932e-01 
9.9824e-01 4.4409e-16 -2.1094e-15 
-3.5881e-17 1.0005e+00 0000 
1.0126e-15 2.5535e-15 9.9824e-01 
1.0001e+00 -8.3267e-16 -2.8866e-15 
9.5018e-18 1.0005e+00 0000 
2.0640e-15 7.7716e-16 1.0001e+00 
1.0015e+00 -1.2212e-15 -1.6098e-15 
-5.0482e-17 1.0005e+00 0000 
2.4262e-15 -1.6653e-15 1.0015e+00 
9.9987e-01 -5.5511e-16 1.6653e-16 
-4.6710e-17 1.0005e+00 0000 
1.2589e-15 -1.9984e-15 9.9987e-01 
9.9820e-01 6.1062e-16 8.3267e-16 
1.5658e-17 1.0005e+00 0000 
-1.5973e-15 -7.7716e-16 9.9820e-01 
9.9952e-01 1.3323e-15 1.2768e-15 
5.7630e-17 1.0006e+00 0000 
-3.5792e-15 5.5511e-16 9.9952e-01 
1.0014e+00 7.7716e-16 1.7208e-15 
2.5621e-17 1.0006e+00 0000 
-3.1453e-15 8.8818e-16 1.0014e+00 
1.0004e+00 -4.4409e-16 1.8874e-15 
4.4406e-18 1.0006e+00 0000 
-1.7274e-16 3.3307e-16 1.0004e+00 
9.9834e-01 -9.4369e-16 8.8818e-16 
1.4511e-17 1.0006e+00 0000 
2.4423e-15 -3.3307e-16 9.9834e-01 
9.9899e-01 -1.1102e-16 -1.3323e-15 
-1.2642e-17 1.0006e+00 0000 
2.9694e-15 -3.3307e-16 9.9899e-01 
1.0012e+00 7.2164e-16 -3.6082e-15 
2.6836e-17 1.0006e+00 0000 
1.4748e-15 2.2204e-16 1.0012e+00 
1.0009e+00 6.1062e-16 -3.2196e-15 
7.9571e-19 1.0006e+00 0000 
-2.5914e-16 4.4409e-16 1.0009e+00 
9.9866e-01 -6.6613e-16 -4.4409e-16 
5.3791e-17 1.0006e+00 0000 
-8.5364e-16 0000 9.9866e-01 
9.9856e-01 -1.6653e-15 2.7756e-15 
4.7308e-17 1.0006e+00 0000 
-8.2679e-16 -4.4409e-16 9.9856e-01 
1.0008e+00 -1.1657e-15 3.5527e-15 
4.3794e-17 1.0006e+00 0000 
-1.2337e-15 -3.3307e-16 1.0008e+00 
1.0012e+00 4.9960e-16 1.7764e-15 
4.1356e-17 1.0006e+00 0000 
-1.5198e-15 4.4409e-16 1.0012e+00 
9.9911e-01 2.2204e-15 -6.6613e-16 
7.0860e-18 1.0006e+00 0000 
-6.0401e-16 8.8818e-16 9.9911e-01 
9.9827e-01 2.0539e-15 -1.8319e-15 
4.2009e-17 1.0006e+00 0000 
1.3501e-15 2.2204e-16 9.9827e-01 
1.0002e+00 2.2204e-16 -1.5543e-15 
-3.5902e-17 1.0006e+00 0000 
2.6694e-15 -1.2212e-15 1.0002e+00 
1.0014e+00 -1.4988e-15 -9.4369e-16 
-3.8350e-17 1.0006e+00 0000 
1.8256e-15 -1.6653e-15 1.0014e+00 
9.9965e-01 -1.8319e-15 -5.5511e-16 
2.2332e-17 1.0006e+00 0000 
-5.8056e-16 -5.5511e-16 9.9965e-01 
9.9816e-01 -7.2164e-16 5.5511e-17 
-4.1350e-17 1.0006e+00 0000 
-2.7926e-15 8.8818e-16 9.9816e-01 
9.9968e-01 6.1062e-16 1.3878e-15 
-7.5367e-18 1.0006e+00 0000 
-2.2953e-15 1.8874e-15 9.9968e-01 
1.0014e+00 1.2212e-15 2.6090e-15 
4.3683e-17 1.0007e+00 0000 
4.7062e-17 1.2212e-15 1.0014e+00 
1.0002e+00 5.5511e-16 1.6653e-15 
3.2193e-17 1.0007e+00 0000 
1.8279e-15 -3.3307e-16 1.0002e+00 
9.9824e-01 -2.7756e-16 -1.1102e-15 
6.3578e-17 1.0007e+00 0000 
1.9869e-15 -1.3323e-15 9.9824e-01 
9.9913e-01 -3.3307e-16 -3.3307e-15 
4.1415e-17 1.0007e+00 0000 
7.8330e-16 -9.9920e-16 9.9913e-01 
1.0012e+00 0000 -2.9421e-15 
-4.2948e-17 1.0007e+00 0000 
-3.0737e-16 -3.3307e-16 1.0012e+00 
1.0007e+00 1.1102e-16 -2.2204e-16 
-4.5971e-17 1.0007e+00 0000 
-4.1241e-16 5.5511e-16 1.0007e+00 
9.9850e-01 -2.7756e-16 2.3870e-15 
5.2109e-17 1.0007e+00 0000 
-5.6919e-16 2.2204e-16 9.9850e-01 
9.9866e-01 -6.1062e-16 3.0531e-15 
-2.7522e-17 1.0007e+00 0000 
-1.3085e-15 -2.2204e-16 9.9866e-01 
1.0009e+00 -1.6653e-16 1.3878e-15 
-3.1775e-17 1.0007e+00 0000 
-1.6808e-15 0000 1.0009e+00 
1.0011e+00 5.5511e-16 -4.4409e-16 
3.6803e-17 1.0007e+00 0000 
-5.0460e-16 5.5511e-16 1.0011e+00 
9.9891e-01 7.7716e-16 -1.4988e-15 
2.5224e-17 1.0007e+00 0000 
1.7398e-15 8.8818e-16 9.9891e-01 
9.9832e-01 1.1102e-16 -1.5543e-15 
-2.0213e-17 1.0007e+00 0000 
3.0432e-15 6.6613e-16 9.9832e-01 
1.0004e+00 -8.8818e-16 -1.5543e-15 
4.1150e-17 1.0007e+00 0000 
2.0069e-15 -4.4409e-16 1.0004e+00 
1.0014e+00 -1.3878e-15 -1.4433e-15 
-4.1868e-17 1.0007e+00 0000 
-8.0676e-16 -1.3323e-15 1.0014e+00 
9.9942e-01 -4.9960e-16 2.7756e-16 
-2.8759e-17 1.0007e+00 0000 
-2.6731e-15 -1.2212e-15 9.9942e-01 
9.9814e-01 1.3323e-15 2.6090e-15 
-3.0038e-17 1.0007e+00 0000 
-2.4799e-15 -2.2204e-16 9.9814e-01 
9.9985e-01 2.1094e-15 3.8858e-15 
4.1856e-17 1.0007e+00 0000 
-7.3316e-16 8.8818e-16 9.9985e-01 
1.0014e+00 1.2212e-15 2.3315e-15 
-1.8434e-17 1.0007e+00 0000 
5.6515e-16 9.9920e-16 1.0014e+00 
9.9998e-01 -7.2164e-16 -1.2212e-15 
-2.7025e-17 1.0008e+00 0000 
1.0618e-15 1.1102e-16 9.9998e-01 
9.9816e-01 -2.1094e-15 -3.8303e-15 
2.1833e-17 1.0008e+00 0000 
1.2489e-15 -4.4409e-16 9.9816e-01 
9.9929e-01 -1.8319e-15 -3.8858e-15 
1.8335e-18 1.0008e+00 0000 
1.4604e-15 -1.1102e-16 9.9929e-01 
1.0013e+00 -3.8858e-16 -1.4433e-15 
-4.3776e-17 1.0008e+00 0000 
1.4028e-15 3.3307e-16 1.0013e+00 
1.0005e+00 7.7716e-16 1.3323e-15 
-1.5874e-17 1.0008e+00 0000 
2.9098e-16 3.3307e-16 1.0005e+00 
9.9836e-01 1.1102e-15 2.5535e-15 
-3.4496e-17 1.0008e+00 0000 
-1.8073e-15 -2.2204e-16 9.9836e-01 
9.9878e-01 6.6613e-16 2.3315e-15 
-4.5951e-17 1.0008e+00 0000 
-2.8901e-15 -4.4409e-16 9.9878e-01 
1.0010e+00 1.6653e-16 1.6098e-15 
1.1073e-17 1.0008e+00 0000 
-2.0223e-15 -5.5511e-16 1.0010e+00 
1.0010e+00 -1.1102e-16 3.8858e-16 
2.5994e-17 1.0008e+00 0000 
4.4957e-16 1.1102e-16 1.0010e+00 
9.9872e-01 0000 -1.1102e-15 
5.8267e-17 1.0008e+00 0000 
2.4369e-15 5.5511e-16 9.9872e-01 
9.9839e-01 -1.6653e-16 -2.7200e-15 
-4.2384e-17 1.0008e+00 0000 
2.4800e-15 2.2204e-16 9.9839e-01 
1.0006e+00 -5.5511e-16 -2.9421e-15 
-7.9983e-18 1.0008e+00 0000 
1.0367e-15 -2.2204e-16 1.0006e+00 
1.0013e+00 -6.1062e-16 -1.1657e-15 
-4.1710e-17 1.0008e+00 0000 
-7.3343e-16 -7.7716e-16 1.0013e+00 
9.9920e-01 -3.3307e-16 1.6653e-15 
1.5073e-17 1.0008e+00 0000 
-1.2975e-15 -2.2204e-16 9.9920e-01 
9.9815e-01 3.3307e-16 3.6082e-15 
9.0205e-19 1.0008e+00 0000 
-1.0319e-15 8.8818e-16 9.9815e-01 
1.0000e+00 6.1062e-16 2.7756e-15 
-7.6752e-18 1.0008e+00 0000 
-6.7999e-16 1.4433e-15 1.0000e+00 
1.0014e+00 6.1062e-16 2.2204e-16 
1.7438e-18 1.0008e+00 0000 
-4.7183e-16 7.7716e-16 1.0014e+00 
9.9974e-01 -2.7756e-16 -2.3315e-15 
4.6012e-17 1.0008e+00 0000 
2.5137e-16 -8.8818e-16 9.9974e-01 
9.9810e-01 -4.9960e-16 -2.9421e-15 
-3.5640e-17 1.0008e+00 0000 
1.0765e-15 -2.1094e-15 9.9810e-01 
9.9946e-01 -5.5511e-17 -1.6098e-15 
-1.7524e-17 1.0009e+00 0000 
1.6059e-15 -1.4433e-15 9.9946e-01 
1.0013e+00 6.6613e-16 4.9960e-16 
2.3991e-17 1.0009e+00 0000 
7.5497e-16 -1.1102e-16 1.0013e+00 
1.0003e+00 8.3267e-16 1.7208e-15 
-1.5984e-17 1.0009e+00 0000 
-1.1610e-15 1.1102e-15 1.0003e+00 
9.9823e-01 2.2204e-16 1.8874e-15 
6.3523e-17 1.0009e+00 0000 
-2.4131e-15 1.3323e-15 9.9823e-01 
9.9892e-01 -7.7716e-16 1.7208e-15 
2.1859e-18 1.0009e+00 0000 
-1.7782e-15 7.7716e-16 9.9892e-01 
1.0011e+00 -9.4369e-16 7.7716e-16 
-3.7693e-17 1.0009e+00 0000 
3.3044e-16 0000 1.0011e+00 
1.0008e+00 -4.4409e-16 -9.4369e-16 
-7.9619e-18 1.0009e+00 0000 
2.1666e-15 -2.2204e-16 1.0008e+00 
9.9854e-01 2.7756e-16 -2.9976e-15 
4.1784e-17 1.0009e+00 0000 
2.3057e-15 -3.3307e-16 9.9854e-01 
9.9849e-01 6.1062e-16 -3.5527e-15 
3.8149e-17 1.0009e+00 0000 
8.9691e-16 -5.5511e-16 9.9849e-01 
1.0007e+00 1.1102e-16 -1.4433e-15 
5.0882e-17 1.0009e+00 0000 
-1.8254e-16 -5.5511e-16 1.0007e+00 
1.0011e+00 -3.3307e-16 2.1094e-15 
-1.4293e-17 1.0009e+00 0000 
-8.6574e-16 -2.2204e-16 1.0011e+00 
9.9898e-01 -1.6653e-16 4.2188e-15 
2.6394e-17 1.0009e+00 0000 
-1.3132e-15 2.2204e-16 9.9898e-01 
9.9819e-01 5.5511e-16 3.4972e-15 
-1.3859e-17 1.0009e+00 0000 
-1.6741e-15 8.8818e-16 9.9819e-01 
1.0002e+00 8.3267e-16 3.3307e-16 
-1.2618e-17 1.0009e+00 0000 
-1.6033e-15 6.6613e-16 1.0002e+00 
1.0013e+00 3.3307e-16 -2.4980e-15 
3.3284e-17 1.0009e+00 0000 
2.6253e-16 0000 1.0013e+00 
9.9951e-01 -5.5511e-16 -3.3307e-15 
-4.1336e-17 1.0009e+00 0000 
2.4413e-15 -7.7716e-16 9.9951e-01 
9.9807e-01 -1.1102e-15 -2.3870e-15 
1.2862e-17 1.0009e+00 0000 
3.1657e-15 -1.1102e-15 9.9807e-01 
9.9964e-01 -9.4369e-16 -9.4369e-16 
-5.4697e-17 1.0009e+00 0000 
1.7406e-15 -2.2204e-16 9.9964e-01 
1.0014e+00 5.5511e-17 6.1062e-16 
3.0670e-17 1.0010e+00 0000 
-8.8419e-16 1.1102e-15 1.0014e+00 
1.0001e+00 1.0547e-15 2.3315e-15 
4.6198e-17 1.0010e+00 0000 
-2.9666e-15 1.3323e-15 1.0001e+00 
9.9813e-01 1.0547e-15 3.2196e-15 
3.1665e-18 1.0010e+00 0000 
-2.9031e-15 6.6613e-16 9.9813e-01 
9.9908e-01 3.3307e-16 2.6645e-15 
-1.3780e-17 1.0010e+00 0000 
-9.8465e-16 -7.7716e-16 9.9908e-01 
1.0012e+00 -4.4409e-16 1.1102e-16 
-3.1233e-17 1.0010e+00 0000 
9.1884e-16 -1.6653e-15 1.0012e+00 
1.0006e+00 -5.5511e-16 -3.1086e-15 
-3.1308e-17 1.0010e+00 0000 
1.6629e-15 -1.2212e-15 1.0006e+00 
9.9837e-01 -1.1102e-16 -4.3299e-15 
-7.6443e-18 1.0010e+00 0000 
1.6918e-15 6.6613e-16 9.9837e-01 
9.9861e-01 -2.2204e-16 -2.7200e-15 
5.2473e-17 1.0010e+00 0000 
1.3372e-15 1.2212e-15 9.9861e-01 
1.0008e+00 -4.4409e-16 7.7716e-16 
5.4467e-17 1.0010e+00 0000 
6.6002e-16 8.8818e-16 1.0008e+00 
1.0010e+00 -1.6653e-16 3.5527e-15 
2.0190e-17 1.0010e+00 0000 
-5.0902e-16 0000 1.0010e+00 
9.9877e-01 3.3307e-16 3.4417e-15 
-1.5021e-18 1.0010e+00 0000 
-2.0833e-15 -3.3307e-16 9.9877e-01 
9.9825e-01 9.4369e-16 1.4433e-15 
5.0105e-17 1.0010e+00 0000 
-2.6235e-15 -3.3307e-16 9.9825e-01 
1.0004e+00 7.2164e-16 -8.8818e-16 
-2.6675e-17 1.0010e+00 0000 
-1.1726e-15 0000 1.0004e+00 
1.0013e+00 -3.3307e-16 -2.2204e-15 
-4.2697e-17 1.0010e+00 0000 
1.3263e-15 0000 1.0013e+00 
9.9927e-01 -1.2768e-15 -2.4980e-15 
4.3117e-17 1.0010e+00 0000 
3.0081e-15 -3.3307e-16 9.9927e-01 
9.9806e-01 -1.1657e-15 -1.7764e-15 
4.9456e-17 1.0010e+00 0000 
2.3705e-15 -6.6613e-16 9.9806e-01 
9.9982e-01 1.1102e-16 -3.8858e-16 
-5.4877e-17 1.0010e+00 0000 
3.0869e-16 0000 9.9982e-01 
1.0013e+00 1.4988e-15 1.6653e-15 
-9.4480e-18 1.0010e+00 0000 
-1.6667e-15 7.7716e-16 1.0013e+00 
9.9982e-01 1.7208e-15 3.2196e-15 
2.4725e-17 1.0011e+00 0000 
-2.0751e-15 1.1102e-15 9.9982e-01 
9.9805e-01 4.4409e-16 3.0531e-15 
-3.6417e-17 1.0011e+00 0000 
-1.3990e-15 2.2204e-16 9.9805e-01 
9.9926e-01 -1.4433e-15 6.1062e-16 
2.4552e-17 1.0011e+00 0000 
-3.8164e-16 -7.7716e-16 9.9926e-01 
1.0012e+00 -2.0539e-15 -2.6090e-15 
-6.0787e-17 1.0011e+00 0000 
3.6737e-16 -9.9920e-16 1.0012e+00 
1.0004e+00 -1.0547e-15 -3.8303e-15 
-3.3279e-17 1.0011e+00 0000 
1.3774e-15 -4.4409e-16 1.0004e+00 
9.9823e-01 7.7716e-16 -2.5535e-15 
1.5213e-17 1.0011e+00 0000 
2.1452e-15 5.5511e-16 9.9823e-01 
9.9875e-01 1.7764e-15 3.3307e-16 
-1.7770e-17 1.0011e+00 0000 
1.8949e-15 7.7716e-16 9.9875e-01 
1.0010e+00 1.3878e-15 2.6645e-15 
-2.2374e-17 1.0011e+00 0000 
1.4732e-16 2.2204e-16 1.0010e+00 
1.0008e+00 2.7756e-16 3.1086e-15 
-2.4040e-17 1.0011e+00 0000 
-2.2499e-15 -4.4409e-16 1.0008e+00 
9.9857e-01 -7.2164e-16 1.7764e-15 
6.4775e-17 1.0011e+00 0000 
-3.1952e-15 -3.3307e-16 9.9857e-01 
9.9834e-01 -9.4369e-16 5.5511e-17 
4.0093e-17 1.0011e+00 0000 
-1.8392e-15 2.2204e-16 9.9834e-01 
1.0005e+00 -9.9920e-16 -1.4988e-15 
1.1500e-17 1.0011e+00 0000 
7.7675e-16 4.4409e-16 1.0005e+00 
1.0011e+00 -2.7756e-16 -2.3315e-15 
-4.2776e-17 1.0011e+00 0000 
2.6773e-15 1.1102e-16 1.0011e+00 
9.9904e-01 1.1102e-16 -2.5535e-15 
-2.0861e-17 1.0011e+00 0000 
2.5737e-15 -5.5511e-16 9.9904e-01 
9.9808e-01 5.5511e-16 -1.4433e-15 
-1.8827e-17 1.0011e+00 0000 
1.0847e-15 -7.7716e-16 9.9808e-01 
1.0000e+00 9.4369e-16 1.1657e-15 
-4.6434e-17 1.0011e+00 0000 
-3.8250e-16 0000 1.0000e+00 
1.0013e+00 5.5511e-16 3.2196e-15 
-3.6366e-17 1.0011e+00 0000 
-1.4431e-15 8.8818e-16 1.0013e+00 
9.9958e-01 1.1102e-16 3.3307e-15 
2.7871e-17 1.0011e+00 0000 
-1.8878e-15 9.9920e-16 9.9958e-01 
9.9800e-01 -4.9960e-16 1.1102e-15 
2.1921e-17 1.0011e+00 0000 
-1.7846e-15 3.3307e-16 9.9800e-01 
9.9944e-01 -1.1102e-15 -1.8874e-15 
3.3945e-17 1.0012e+00 0000 
-9.3359e-16 -7.7716e-16 9.9944e-01 
1.0013e+00 -9.9920e-16 -3.2752e-15 
-2.5726e-17 1.0012e+00 0000 
8.1544e-16 -1.6653e-15 1.0013e+00 
1.0001e+00 0000 -2.4980e-15 
1.3321e-17 1.0012e+00 0000 
2.6844e-15 -1.1102e-15 1.0001e+00 
9.9811e-01 1.2212e-15 -3.8858e-16 
-3.2354e-17 1.0012e+00 0000 
2.9187e-15 4.4409e-16 9.9811e-01 
9.9891e-01 1.4433e-15 1.3878e-15 
2.2382e-17 1.0012e+00 0000 
9.9275e-16 1.6653e-15 9.9891e-01 
1.0011e+00 4.9960e-16 2.0539e-15 
4.9285e-17 1.0012e+00 0000 
-1.7668e-15 1.3323e-15 1.0011e+00 
1.0006e+00 -8.3267e-16 1.9984e-15 
2.4614e-17 1.0012e+00 0000 
-3.0612e-15 3.3307e-16 1.0006e+00 
9.9839e-01 -1.4433e-15 1.2212e-15 
-2.5715e-17 1.0012e+00 0000 
-2.2604e-15 -9.9920e-16 9.9839e-01 
9.9845e-01 -7.2164e-16 -2.2204e-16 
9.2432e-19 1.0012e+00 0000 
-2.2922e-16 -1.3323e-15 9.9845e-01 
1.0007e+00 3.3307e-16 -2.1094e-15 
-1.7032e-17 1.0012e+00 0000 
1.3849e-15 -7.7716e-16 1.0007e+00 
1.0010e+00 9.9920e-16 -2.8311e-15 
3.8413e-17 1.0012e+00 0000 
2.3417e-15 2.2204e-16 1.0010e+00 
9.9881e-01 8.8818e-16 -1.8319e-15 
2.4751e-17 1.0012e+00 0000 
2.1021e-15 6.6613e-16 9.9881e-01 
9.9813e-01 1.1102e-16 4.4409e-16 
-8.1816e-18 1.0012e+00 0000 
9.7654e-16 6.6613e-16 9.9813e-01 
1.0002e+00 -3.8858e-16 2.6090e-15 
-1.3126e-18 1.0012e+00 0000 
-6.7155e-16 4.4409e-16 1.0002e+00 
1.0012e+00 -4.4409e-16 2.8866e-15 
4.7126e-17 1.0012e+00 0000 
-2.3779e-15 2.2204e-16 1.0012e+00 
9.9933e-01 -1.6653e-16 1.3323e-15 
1.7021e-17 1.0012e+00 0000 
-2.8358e-15 -1.1102e-16 9.9933e-01 
9.9798e-01 -1.6653e-16 -8.8818e-16 
2.7168e-17 1.0012e+00 0000 
-1.5694e-15 -4.4409e-16 9.9798e-01 
9.9964e-01 -2.7756e-16 -2.3315e-15 
2.4274e-17 1.0012e+00 0000 
8.7203e-16 -9.9920e-16 9.9964e-01 
1.0013e+00 -2.2204e-16 -2.1649e-15 
4.6712e-17 1.0013e+00 0000 
3.1125e-15 -7.7716e-16 1.0013e+00 
9.9988e-01 5.5511e-17 -1.1657e-15 
2.5054e-17 1.0013e+00 0000 
3.2854e-15 1.1102e-16 9.9988e-01 
9.9801e-01 6.1062e-16 5.5511e-17 
-4.5241e-18 1.0013e+00 0000 
1.5076e-15 1.3323e-15 9.9801e-01 
9.9908e-01 8.3267e-16 1.3323e-15 
3.7528e-17 1.0013e+00 0000 
-1.1180e-15 1.6653e-15 9.9908e-01 
1.0011e+00 2.2204e-16 2.1649e-15 
6.7744e-18 1.0013e+00 0000 
-2.9229e-15 4.4409e-16 1.0011e+00 
1.0004e+00 -4.9960e-16 2.2760e-15 
-2.8191e-17 1.0013e+00 0000 
-2.8909e-15 -1.3323e-15 1.0004e+00 
9.9823e-01 -1.0547e-15 8.3267e-16 
2.3485e-17 1.0013e+00 0000 
-1.3316e-15 -1.7764e-15 9.9823e-01 
9.9859e-01 -5.5511e-16 -1.3878e-15 
3.1520e-17 1.0013e+00 0000 
4.9626e-16 -1.2212e-15 9.9859e-01 
1.0008e+00 1.6653e-16 -2.9421e-15 
3.1072e-17 1.0013e+00 0000 
2.0672e-15 6.6613e-16 1.0008e+00 
1.0008e+00 6.6613e-16 -2.4980e-15 
5.5247e-17 1.0013e+00 0000 
2.7043e-15 1.8874e-15 1.0008e+00 
9.9860e-01 3.8858e-16 -3.3307e-16 
4.5675e-17 1.0013e+00 0000 
2.3733e-15 1.2212e-15 9.9860e-01 
9.9821e-01 -1.6653e-16 1.7208e-15 
-1.3858e-17 1.0013e+00 0000 
3.5309e-16 -1.1102e-16 9.9821e-01 
1.0004e+00 -1.6653e-16 2.6090e-15 
8.6086e-18 1.0013e+00 0000 
-2.2760e-15 -1.2212e-15 1.0004e+00 
1.0011e+00 1.1102e-16 1.8319e-15 
-4.5311e-17 1.0013e+00 0000 
-3.7692e-15 -9.9920e-16 1.0011e+00 
9.9908e-01 2.2204e-16 2.2204e-16 
-4.2739e-17 1.0013e+00 0000 
-2.8477e-15 -2.2204e-16 9.9908e-01 
9.9799e-01 -2.2204e-16 -9.4369e-16 
1.8529e-17 1.0013e+00 0000 
6.6189e-17 1.1102e-16 9.9799e-01 
9.9983e-01 -9.4369e-16 -1.7764e-15 
2.6033e-17 1.0013e+00 0000 
2.7663e-15 1.1102e-16 9.9983e-01 
1.0013e+00 -7.2164e-16 -1.9984e-15 
1.7386e-17 1.0013e+00 0000 
3.5758e-15 2.2204e-16 1.0013e+00 
9.9963e-01 2.7756e-16 -1.3878e-15 
-2.0232e-17 1.0014e+00 0000 
2.3712e-15 7.7716e-16 9.9963e-01 
9.9795e-01 1.2768e-15 5.5511e-17 
-4.6968e-17 1.0014e+00 0000 
-5.1562e-17 6.6613e-16 9.9795e-01 
9.9927e-01 1.3323e-15 1.9429e-15 
-4.5822e-17 1.0014e+00 0000 
-1.8667e-15 2.2204e-16 9.9927e-01 
1.0012e+00 0000 2.6645e-15 
4.5204e-17 1.0014e+00 0000 
-2.6310e-15 -6.6613e-16 1.0012e+00 
1.0002e+00 -1.2212e-15 1.4988e-15 
-1.0360e-18 1.0014e+00 0000 
-2.4728e-15 -1.4433e-15 1.0002e+00 
9.9809e-01 -1.8874e-15 -8.8818e-16 
4.4692e-17 1.0014e+00 0000 
-1.1619e-15 -9.9920e-16 9.9809e-01 
9.9875e-01 -8.8818e-16 -2.3870e-15 
-4.0627e-17 1.0014e+00 0000 
1.2488e-15 4.4409e-16 9.9875e-01 
1.0009e+00 6.6613e-16 -2.2760e-15 
-1.6070e-17 1.0014e+00 0000 
3.2592e-15 1.5543e-15 1.0009e+00 
1.0006e+00 1.7208e-15 -8.8818e-16 
-2.7203e-17 1.0014e+00 0000 
3.5084e-15 1.5543e-15 1.0006e+00 
9.9840e-01 1.4988e-15 7.2164e-16 
-2.0774e-17 1.0014e+00 0000 
1.4483e-15 3.3307e-16 9.9840e-01 
9.9832e-01 5.5511e-17 1.6098e-15 
-1.6658e-17 1.0014e+00 0000 
-1.6305e-15 -1.1102e-15 9.9832e-01 
1.0005e+00 -1.0547e-15 1.7764e-15 
-2.8413e-18 1.0014e+00 0000 
-3.6344e-15 -1.3323e-15 1.0005e+00 
1.0010e+00 -1.1102e-15 1.3323e-15 
4.1863e-17 1.0014e+00 0000 
-3.3014e-15 -5.5511e-16 1.0010e+00 
9.9885e-01 -6.1062e-16 5.5511e-17 
5.2651e-17 1.0014e+00 0000 
-1.1355e-15 5.5511e-16 9.9885e-01 
9.9803e-01 1.1102e-16 -1.1102e-15 
3.7238e-17 1.0014e+00 0000 
1.4933e-15 9.9920e-16 9.9803e-01 
1.0000e+00 3.3307e-16 -1.9429e-15 
-3.4360e-17 1.0014e+00 0000 
2.9460e-15 2.2204e-16 1.0000e+00 
1.0012e+00 3.8858e-16 -1.8319e-15 
1.6747e-17 1.0014e+00 0000 
2.6900e-15 -5.5511e-16 1.0012e+00 
9.9937e-01 8.3267e-16 -2.7756e-16 
-4.8656e-17 1.0014e+00 0000 
1.3323e-15 -4.4409e-16 9.9937e-01 
9.9791e-01 8.3267e-16 1.4988e-15 
4.0311e-17 1.0014e+00 0000 
-7.8994e-16 2.2204e-16 9.9791e-01 
9.9947e-01 -5.5511e-17 2.2204e-15 
5.3404e-18 1.0015e+00 0000 
-2.6614e-15 4.4409e-16 9.9947e-01 
1.0012e+00 -1.3323e-15 1.4988e-15 
-3.7733e-17 1.0015e+00 0000 
-3.1974e-15 3.3307e-16 1.0012e+00 
9.9992e-01 -1.7208e-15 -5.5511e-17 
-4.8263e-17 1.0015e+00 0000 
-2.0744e-15 -5.5511e-16 9.9992e-01 
9.9798e-01 -8.8818e-16 -1.2768e-15 
-4.1327e-18 1.0015e+00 0000 
5.1694e-16 -9.9920e-16 9.9798e-01 
9.9892e-01 9.9920e-16 -1.6098e-15 
5.2864e-17 1.0015e+00 0000 
3.1235e-15 -1.1102e-16 9.9892e-01 
1.0010e+00 2.1649e-15 -1.1657e-15 
-2.1120e-17 1.0015e+00 0000 
3.5892e-15 7.7716e-16 1.0010e+00 
1.0004e+00 1.4433e-15 -4.4409e-16 
4.2419e-17 1.0015e+00 0000 
1.9536e-15 8.8818e-16 1.0004e+00 
9.9823e-01 -3.3307e-16 3.8858e-16 
-5.7890e-18 1.0015e+00 0000 
-8.2626e-16 1.1102e-16 9.9823e-01 
9.9845e-01 -1.6653e-15 1.3878e-15 
2.0080e-17 1.0015e+00 0000 
-3.0331e-15 -6.6613e-16 9.9845e-01 
1.0007e+00 -1.7764e-15 1.8874e-15 
-6.9505e-18 1.0015e+00 0000 
-3.1124e-15 -8.8818e-16 1.0007e+00 
1.0008e+00 -4.4409e-16 1.1102e-15 
-7.3723e-18 1.0015e+00 0000 
-1.6697e-15 -3.3307e-16 1.0008e+00 
9.9862e-01 1.1102e-15 -4.4409e-16 
1.6592e-17 1.0015e+00 0000 
4.0653e-16 1.1102e-16 9.9862e-01 
9.9810e-01 1.2768e-15 -2.0539e-15 
2.5218e-17 1.0015e+00 0000 
2.2958e-15 2.2204e-16 9.9810e-01 
1.0002e+00 4.9960e-16 -2.2204e-15 
2.8233e-17 1.0015e+00 0000 
3.2371e-15 1.1102e-16 1.0002e+00 
1.0011e+00 -1.6653e-16 -8.8818e-16 
4.0054e-17 1.0015e+00 0000 
2.6238e-15 3.3307e-16 1.0011e+00 
9.9912e-01 -7.2164e-16 7.7716e-16 
-4.5342e-17 1.0015e+00 0000 
4.7147e-16 8.8818e-16 9.9912e-01 
9.9791e-01 -7.2164e-16 1.7208e-15 
2.5738e-17 1.0015e+00 0000 
-2.3958e-15 6.6613e-16 9.9791e-01 
9.9967e-01 -3.8858e-16 1.5543e-15 
4.0799e-17 1.0015e+00 0000 
-3.8519e-15 -1.1102e-16 9.9967e-01 
1.0012e+00 -3.3307e-16 7.2164e-16 
-5.4093e-17 1.0016e+00 0000 
-3.1982e-15 -1.2212e-15 1.0012e+00 
9.9967e-01 1.1102e-16 -5.5511e-17 
7.0105e-18 1.0016e+00 0000 
-2.6383e-16 -1.6653e-15 9.9967e-01 
9.9790e-01 6.6613e-16 -7.2164e-16 
-2.7677e-19 1.0016e+00 0000 
2.7696e-15 -6.6613e-16 9.9790e-01 
9.9911e-01 1.0547e-15 -1.5543e-15 
2.1667e-17 1.0016e+00 0000 
3.9348e-15 8.8818e-16 9.9911e-01 
1.0011e+00 8.3267e-16 -1.6653e-15 
5.2417e-17 1.0016e+00 0000 
2.7636e-15 2.1094e-15 1.0011e+00 
1.0002e+00 -2.7756e-16 -6.6613e-16 
-2.5399e-17 1.0016e+00 0000 
1.8315e-16 1.3323e-15 1.0002e+00 
9.9807e-01 -1.4433e-15 7.7716e-16 
4.3755e-17 1.0016e+00 0000 
-2.2292e-15 -3.3307e-16 9.9807e-01 
9.9860e-01 -1.4988e-15 1.9429e-15 
-6.0039e-17 1.0016e+00 0000 
-3.1230e-15 -1.6653e-15 9.9860e-01 
1.0008e+00 -4.9960e-16 1.8319e-15 
5.7481e-17 1.0016e+00 0000 
-2.3415e-15 -1.6653e-15 1.0008e+00 
1.0007e+00 7.7716e-16 4.9960e-16 
-4.3185e-17 1.0016e+00 0000 
-8.3574e-16 -4.4409e-16 1.0007e+00 
9.9841e-01 1.4433e-15 -1.2768e-15 
2.8669e-17 1.0016e+00 0000 
1.3519e-15 1.1102e-15 9.9841e-01 
9.9820e-01 7.7716e-16 -1.9429e-15 
-2.5366e-17 1.0016e+00 0000 
3.1808e-15 1.6653e-15 9.9820e-01 
1.0004e+00 -2.2204e-16 -1.2768e-15 
3.7445e-18 1.0016e+00 0000 
3.4253e-15 8.8818e-16 1.0004e+00 
1.0010e+00 -6.6613e-16 -1.6653e-16 
1.7276e-17 1.0016e+00 0000 
1.5813e-15 -2.2204e-16 1.0010e+00 
9.9887e-01 -4.4409e-16 8.8818e-16 
-8.6504e-18 1.0016e+00 0000 
-1.6370e-15 -8.8818e-16 9.9887e-01 
9.9793e-01 5.5511e-17 1.2212e-15 
2.3240e-17 1.0016e+00 0000 
-3.9087e-15 -9.9920e-16 9.9793e-01 
9.9987e-01 1.1102e-16 1.1657e-15 
-1.4172e-17 1.0016e+00 0000 
-3.6462e-15 -5.5511e-16 9.9987e-01 
1.0011e+00 -3.3307e-16 8.8818e-16 
3.4746e-17 1.0016e+00 0000 
-1.0748e-15 0000 1.0011e+00 
9.9940e-01 -5.5511e-16 -5.5511e-17 
3.6097e-17 1.0016e+00 0000 
2.0821e-15 6.6613e-16 9.9940e-01 
9.9785e-01 5.5511e-17 -1.1657e-15 
2.6939e-18 1.0017e+00 0000 
3.6561e-15 1.2212e-15 9.9785e-01 
9.9932e-01 6.6613e-16 -2.1649e-15 
3.3277e-17 1.0017e+00 0000 
2.8991e-15 9.9920e-16 9.9932e-01 
1.0011e+00 1.1657e-15 -1.4433e-15 
4.6139e-17 1.0017e+00 0000 
8.5547e-16 1.1102e-16 1.0011e+00 
9.9995e-01 5.5511e-16 3.3307e-16 
-3.1079e-17 1.0017e+00 0000 
-1.4065e-15 -9.9920e-16 9.9995e-01 
9.9795e-01 -6.1062e-16 1.9984e-15 
4.2075e-17 1.0017e+00 0000 
-2.9300e-15 -1.7764e-15 9.9795e-01 
9.9878e-01 -1.2768e-15 2.3870e-15 
1.9174e-17 1.0017e+00 0000 
-3.2585e-15 -1.4433e-15 9.9878e-01 
1.0009e+00 -8.3267e-16 1.2212e-15 
1.5171e-17 1.0017e+00 0000 
-2.0642e-15 1.1102e-16 1.0009e+00 
1.0004e+00 1.1102e-16 -3.8858e-16 
2.1151e-17 1.0017e+00 0000 
5.6278e-16 1.6653e-15 1.0004e+00 
9.9822e-01 8.3267e-16 -1.4433e-15 
-2.0163e-17 1.0017e+00 0000 
3.2567e-15 1.8874e-15 9.9822e-01 
9.9832e-01 9.4369e-16 -1.7764e-15 
6.0967e-17 1.0017e+00 0000 
4.0026e-15 7.7716e-16 9.9832e-01 
1.0006e+00 2.2204e-16 -1.3878e-15 
2.8551e-17 1.0017e+00 0000 
2.4068e-15 -7.7716e-16 1.0006e+00 
1.0008e+00 -5.5511e-16 -6.6613e-16 
7.2833e-18 1.0017e+00 0000 
-7.4977e-16 -1.4433e-15 1.0008e+00 
9.9863e-01 -6.6613e-16 6.1062e-16 
1.6290e-17 1.0017e+00 0000 
-3.2751e-15 -1.1102e-15 9.9863e-01 
9.9799e-01 -5.5511e-16 1.9429e-15 
-2.6682e-17 1.0017e+00 0000 
-3.7460e-15 -1.1102e-16 9.9799e-01 
1.0001e+00 -1.6653e-16 2.4425e-15 
5.0137e-17 1.0017e+00 0000 
-2.0085e-15 6.6613e-16 1.0001e+00 
1.0011e+00 2.2204e-16 1.2212e-15 
4.0952e-17 1.0017e+00 0000 
3.8923e-16 7.7716e-16 1.0011e+00 
9.9914e-01 6.6613e-16 -7.7716e-16 
-9.5794e-18 1.0017e+00 0000 
2.2996e-15 5.5511e-16 9.9914e-01 
9.9783e-01 9.4369e-16 -2.2760e-15 
-4.7679e-17 1.0017e+00 0000 
2.9069e-15 -1.1102e-16 9.9783e-01 
9.9952e-01 6.6613e-16 -2.3870e-15 
-4.6105e-17 1.0018e+00 0000 
2.1727e-15 -3.3307e-16 9.9952e-01 
1.0011e+00 1.6653e-16 -8.8818e-16 
-3.5354e-17 1.0018e+00 0000 
3.2135e-16 -3.3307e-16 1.0011e+00 
9.9969e-01 -9.4369e-16 7.2164e-16 
6.3273e-17 1.0018e+00 0000 
-1.5941e-15 -1.1102e-16 9.9969e-01 
9.9785e-01 -1.5543e-15 1.7208e-15 
2.6878e-17 1.0018e+00 0000 
-3.0547e-15 -4.4409e-16 9.9785e-01 
9.9897e-01 -1.1657e-15 1.7764e-15 
5.8155e-17 1.0018e+00 0000 
-2.8098e-15 -1.1102e-16 9.9897e-01 
1.0010e+00 2.7756e-16 1.2212e-15 
-2.6340e-17 1.0018e+00 0000 
-7.7667e-16 4.4409e-16 1.0010e+00 
1.0002e+00 1.7764e-15 2.2204e-16 
9.9137e-18 1.0018e+00 0000 
2.1158e-15 7.7716e-16 1.0002e+00 
9.9805e-01 1.9429e-15 -1.3323e-15 
-1.4249e-17 1.0018e+00 0000 
3.4891e-15 5.5511e-16 9.9805e-01 
9.9847e-01 6.1062e-16 -2.3315e-15 
-3.5422e-17 1.0018e+00 0000 
2.6952e-15 -3.3307e-16 9.9847e-01 
1.0007e+00 -9.9920e-16 -2.0539e-15 
1.4399e-17 1.0018e+00 0000 
2.5367e-16 -9.9920e-16 1.0007e+00 
1.0007e+00 -1.9984e-15 -3.3307e-16 
9.6494e-18 1.0018e+00 0000 
-2.0711e-15 -7.7716e-16 1.0007e+00 
9.9841e-01 -1.3323e-15 1.6098e-15 
8.1993e-18 1.0018e+00 0000 
-2.8702e-15 0000 9.9841e-01 
9.9809e-01 2.7756e-16 2.8866e-15 
3.4082e-17 1.0018e+00 0000 
-2.0715e-15 7.7716e-16 9.9809e-01 
1.0003e+00 1.3323e-15 2.1649e-15 
5.0242e-17 1.0018e+00 0000 
-4.2924e-16 8.8818e-16 1.0003e+00 
1.0010e+00 1.0547e-15 -1.1102e-16 
3.2679e-17 1.0018e+00 0000 
1.0754e-15 2.2204e-16 1.0010e+00 
9.9888e-01 5.5511e-16 -1.8874e-15 
3.9158e-17 1.0018e+00 0000 
2.4201e-15 -3.3307e-16 9.9888e-01 
9.9785e-01 -1.6653e-16 -2.4980e-15 
3.2429e-17 1.0018e+00 0000 
2.7830e-15 -4.4409e-16 9.9785e-01 
9.9973e-01 -5.5511e-16 -1.6653e-15 
3.2151e-18 1.0018e+00 0000 
1.5307e-15 -1.1102e-16 9.9973e-01 
1.0011e+00 -5.5511e-16 -2.2204e-16 
3.7512e-17 1.0019e+00 0000 
-8.1789e-16 3.3307e-16 1.0011e+00 
9.9942e-01 -4.9960e-16 1.0547e-15 
4.6418e-17 1.0019e+00 0000 
-3.0924e-15 -1.1102e-16 9.9942e-01 
9.9779e-01 -3.3307e-16 2.0539e-15 
4.4904e-17 1.0019e+00 0000 
-3.3901e-15 -6.6613e-16 9.9779e-01 
9.9918e-01 1.1102e-16 2.2204e-15 
-2.6793e-17 1.0019e+00 0000 
-1.5177e-15 -5.5511e-16 9.9918e-01 
1.0010e+00 8.8818e-16 1.3878e-15 
3.8849e-17 1.0019e+00 0000 
1.3797e-15 2.2204e-16 1.0010e+00 
9.9996e-01 9.9920e-16 -8.8818e-16 
-2.7769e-17 1.0019e+00 0000 
3.0964e-15 1.3323e-15 9.9996e-01 
9.9791e-01 3.8858e-16 -2.8866e-15 
-6.4351e-17 1.0019e+00 0000 
2.7554e-15 1.2212e-15 9.9791e-01 
9.9865e-01 -7.2164e-16 -3.1641e-15 
-2.3368e-17 1.0019e+00 0000 
1.0932e-15 0000 9.9865e-01 
1.0008e+00 -1.4433e-15 -1.4988e-15 
-3.7487e-18 1.0019e+00 0000 
-6.9197e-16 -1.2212e-15 1.0008e+00 
1.0004e+00 -1.3323e-15 1.3878e-15 
1.1357e-17 1.0019e+00 0000 
-1.8234e-15 -1.6653e-15 1.0004e+00 
9.9821e-01 2.7756e-16 3.3307e-15 
2.5606e-17 1.0019e+00 0000 
-2.3290e-15 -8.8818e-16 9.9821e-01 
9.9821e-01 1.6653e-15 3.0531e-15 
1.1633e-18 1.0019e+00 0000 
-1.9441e-15 7.7716e-16 9.9821e-01 
1.0004e+00 1.8874e-15 1.1657e-15 
2.6003e-17 1.0019e+00 0000 
-6.7142e-16 1.5543e-15 1.0004e+00 
1.0008e+00 2.2204e-16 -1.2212e-15 
2.5495e-19 1.0019e+00 0000 
1.4725e-15 8.8818e-16 1.0008e+00 
9.9864e-01 -1.2768e-15 -2.3870e-15 
1.6893e-17 1.0019e+00 0000 
3.0325e-15 -2.2204e-16 9.9864e-01 
9.9790e-01 -1.6098e-15 -2.6645e-15 
3.1429e-17 1.0019e+00 0000 
2.7979e-15 -8.8818e-16 9.9790e-01 
9.9994e-01 -5.5511e-16 -1.9429e-15 
-5.4621e-18 1.0019e+00 0000 
6.9915e-16 -4.4409e-16 9.9994e-01 
1.0010e+00 4.9960e-16 -2.2204e-16 
-2.4071e-17 1.0019e+00 0000 
-1.8307e-15 0000 1.0010e+00 
9.9915e-01 7.7716e-16 2.1094e-15 
4.9624e-17 1.0019e+00 0000 
-3.1688e-15 -1.1102e-16 9.9915e-01 
9.9776e-01 3.8858e-16 3.6082e-15 
6.3820e-17 1.0020e+00 0000 
-2.2230e-15 -1.1102e-16 9.9776e-01 
9.9939e-01 0000 3.0531e-15 
-2.0034e-17 1.0020e+00 0000 
-3.4496e-16 2.2204e-16 9.9939e-01 
1.0011e+00 0000 2.7756e-16 
1.0029e-17 1.0020e+00 0000 
1.3201e-15 6.6613e-16 1.0011e+00 
9.9970e-01 1.6653e-16 -2.6645e-15 
-4.8191e-17 1.0020e+00 0000 
2.0722e-15 8.8818e-16 9.9970e-01 
9.9781e-01 3.3307e-16 -3.8858e-15 
-3.0653e-17 1.0020e+00 0000 
1.9144e-15 3.3307e-16 9.9781e-01 
9.9884e-01 -2.2204e-16 -2.7756e-15 
4.3658e-17 1.0020e+00 0000 
1.0803e-15 -8.8818e-16 9.9884e-01 
1.0009e+00 -7.2164e-16 0000 
-3.8267e-17 1.0020e+00 0000 
-3.5478e-16 -1.7764e-15 1.0009e+00 
1.0002e+00 -5.5511e-16 2.3870e-15 
2.8713e-17 1.0020e+00 0000 
-1.6607e-15 -9.9920e-16 1.0002e+00 
9.9803e-01 2.2204e-16 3.2752e-15 
2.8100e-17 1.0020e+00 0000 
-2.2956e-15 7.7716e-16 9.9803e-01 
9.9836e-01 7.2164e-16 2.3315e-15 
3.2333e-17 1.0020e+00 0000 
-1.6115e-15 2.1094e-15 9.9836e-01 
1.0006e+00 7.2164e-16 4.4409e-16 
5.0485e-17 1.0020e+00 0000 
1.6369e-16 1.7764e-15 1.0006e+00 
1.0006e+00 -5.5511e-17 -1.6653e-15 
5.1857e-17 1.0020e+00 0000 
1.8584e-15 0000 1.0006e+00 
9.9840e-01 -5.5511e-16 -2.7756e-15 
6.3436e-17 1.0020e+00 0000 
2.5135e-15 -1.7764e-15 9.9840e-01 
9.9799e-01 -5.5511e-16 -2.7200e-15 
-5.3710e-17 1.0020e+00 0000 
1.2758e-15 -2.3315e-15 9.9799e-01 
1.0001e+00 3.3307e-16 -1.1102e-15 
-8.7427e-18 1.0020e+00 0000 
-5.3722e-16 -8.8818e-16 1.0001e+00 
1.0009e+00 6.6613e-16 1.5543e-15 
4.7109e-17 1.0020e+00 0000 
-1.7565e-15 7.7716e-16 1.0009e+00 
9.9889e-01 2.2204e-16 3.2752e-15 
-1.3562e-17 1.0020e+00 0000 
-1.9850e-15 1.7764e-15 9.9889e-01 
9.9777e-01 -4.4409e-16 3.2196e-15 
3.2512e-17 1.0020e+00 0000 
-1.1209e-15 1.4433e-15 9.9777e-01 
9.9961e-01 -6.6613e-16 1.1102e-15 
-6.0153e-17 1.0021e+00 0000 
1.3810e-16 1.1102e-16 9.9961e-01 
1.0010e+00 0000 -1.7764e-15 
-2.6283e-17 1.0021e+00 0000 
1.3132e-15 -6.6613e-16 1.0010e+00 
9.9943e-01 4.9960e-16 -3.6637e-15 
-4.6670e-17 1.0021e+00 0000 
1.9731e-15 -8.8818e-16 9.9943e-01 
9.9774e-01 4.9960e-16 -3.3307e-15 
-5.3264e-19 1.0021e+00 0000 
1.7436e-15 -7.7716e-16 9.9774e-01 
9.9905e-01 -3.3307e-16 -1.3323e-15 
-2.8370e-17 1.0021e+00 0000 
6.4410e-16 0000 9.9905e-01 
1.0010e+00 -1.0547e-15 1.4433e-15 
-3.5505e-17 1.0021e+00 0000 
-1.1034e-15 1.1102e-16 1.0010e+00 
9.9996e-01 -7.2164e-16 3.2196e-15 
9.2109e-18 1.0021e+00 0000 
-2.2911e-15 3.3307e-16 9.9996e-01 
9.9788e-01 3.8858e-16 3.3862e-15 
-2.4324e-17 1.0021e+00 0000 
-2.0876e-15 5.5511e-16 9.9788e-01 
9.9853e-01 1.4988e-15 1.8874e-15 
7.9523e-19 1.0021e+00 0000 
-6.5210e-16 6.6613e-16 9.9853e-01 
1.0007e+00 1.4988e-15 -7.2164e-16 
-3.4007e-17 1.0021e+00 0000 
1.1630e-15 1.1102e-16 1.0007e+00 
1.0004e+00 1.1102e-16 -3.1641e-15 
-1.7606e-18 1.0021e+00 0000 
2.1062e-15 -6.6613e-16 1.0004e+00 
9.9819e-01 -1.5543e-15 -3.9968e-15 
5.7631e-17 1.0021e+00 0000 
1.8930e-15 -1.2212e-15 9.9819e-01 
9.9811e-01 -2.0539e-15 -2.4425e-15 
-4.3573e-17 1.0021e+00 0000 
7.8890e-16 -6.6613e-16 9.9811e-01 
1.0003e+00 -9.4369e-16 4.4409e-16 
-3.5144e-17 1.0021e+00 0000 
-4.3094e-16 4.4409e-16 1.0003e+00 
1.0008e+00 8.3267e-16 3.1086e-15 
-1.0401e-17 1.0021e+00 0000 
-1.3811e-15 1.4433e-15 1.0008e+00 
9.9863e-01 1.9429e-15 3.7192e-15 
3.9246e-17 1.0021e+00 0000 
-1.8416e-15 1.1102e-15 9.9863e-01 
9.9782e-01 1.5543e-15 2.3315e-15 
-2.9596e-18 1.0021e+00 0000 
-1.2998e-15 -1.1102e-16 9.9782e-01 
9.9982e-01 5.5511e-17 -4.4409e-16 
2.4888e-17 1.0021e+00 0000 
-4.0533e-18 -1.1102e-15 9.9982e-01 
1.0010e+00 -1.4433e-15 -2.7756e-15 
4.5844e-17 1.0022e+00 0000 
1.4624e-15 -1.3323e-15 1.0010e+00 
9.9915e-01 -1.3878e-15 -3.4417e-15 
-4.0323e-17 1.0022e+00 0000 
2.1202e-15 -3.3307e-16 9.9915e-01 
9.9770e-01 -4.9960e-16 -2.2204e-15 
-9.6405e-18 1.0022e+00 0000 
1.5820e-15 9.9920e-16 9.9770e-01 
9.9927e-01 3.8858e-16 -5.5511e-17 
-3.5432e-17 1.0022e+00 0000 
-1.0957e-17 1.1102e-15 9.9927e-01 
1.0010e+00 6.1062e-16 2.0539e-15 
7.4546e-18 1.0022e+00 0000 
-1.4687e-15 2.2204e-16 1.0010e+00 
9.9969e-01 6.6613e-16 3.2752e-15 
-2.5774e-17 1.0022e+00 0000 
-1.9156e-15 -6.6613e-16 9.9969e-01 
9.9776e-01 3.8858e-16 2.6090e-15 
4.2841e-17 1.0022e+00 0000 
-1.2500e-15 -8.8818e-16 9.9776e-01 
9.9873e-01 1.6653e-16 4.4409e-16 
-2.0369e-17 1.0022e+00 0000 
1.6606e-16 1.1102e-16 9.9873e-01 
1.0008e+00 -1.1102e-16 -2.2204e-15 
-3.4425e-17 1.0022e+00 0000 
1.4263e-15 1.1102e-15 1.0008e+00 
1.0002e+00 -6.6613e-16 -3.7748e-15 
3.9413e-18 1.0022e+00 0000 
1.7026e-15 8.8818e-16 1.0002e+00 
9.9800e-01 -1.1657e-15 -3.1086e-15 
-1.7156e-18 1.0022e+00 0000 
1.2059e-15 -6.6613e-16 9.9800e-01 
9.9825e-01 -8.8818e-16 -3.8858e-16 
2.1639e-17 1.0022e+00 0000 
4.0445e-16 -1.7764e-15 9.9825e-01 
1.0005e+00 4.9960e-16 2.4425e-15 
-2.4807e-18 1.0022e+00 0000 
-8.3846e-16 -9.9920e-16 1.0005e+00 
1.0006e+00 2.0539e-15 3.7748e-15 
2.2978e-17 1.0022e+00 0000 
-1.6881e-15 8.8818e-16 1.0006e+00 
9.9838e-01 1.8319e-15 2.9421e-15 
-2.2306e-17 1.0022e+00 0000 
-1.8888e-15 1.9984e-15 9.9838e-01 
9.9790e-01 1.1102e-16 6.1062e-16 
1.0342e-17 1.0022e+00 0000 
-9.6190e-16 1.1102e-15 9.9790e-01 
1.0000e+00 -1.8319e-15 -1.9429e-15 
-3.8212e-17 1.0022e+00 0000 
5.1900e-16 -7.7716e-16 1.0000e+00 
1.0009e+00 -2.3315e-15 -3.4417e-15 
-4.4287e-17 1.0022e+00 0000 
2.0242e-15 -1.6653e-15 1.0009e+00 
9.9887e-01 -8.3267e-16 -2.8866e-15 
-4.0218e-17 1.0022e+00 0000 
2.4439e-15 -1.1102e-15 9.9887e-01 
9.9770e-01 1.3323e-15 -9.4369e-16 
2.2013e-17 1.0023e+00 0000 
1.3475e-15 2.2204e-16 9.9770e-01 
9.9949e-01 2.1649e-15 1.2768e-15 
-1.2457e-17 1.0023e+00 0000 
-6.9554e-16 1.2212e-15 9.9949e-01 
1.0010e+00 1.3323e-15 3.1086e-15 
1.2579e-17 1.0023e+00 0000 
-1.9975e-15 9.9920e-16 1.0010e+00 
9.9941e-01 -8.3267e-16 3.1086e-15 
-2.4830e-17 1.0023e+00 0000 
-2.0263e-15 0000 9.9941e-01 
9.9768e-01 -1.7208e-15 1.4988e-15 
-3.2046e-17 1.0023e+00 0000 
-1.2019e-15 -5.5511e-16 9.9768e-01 
9.9894e-01 -1.1102e-15 -1.0547e-15 
-1.5728e-17 1.0023e+00 0000 
4.4942e-16 -2.2204e-16 9.9894e-01 
1.0009e+00 3.3307e-16 -3.2196e-15 
1.0401e-17 1.0023e+00 0000 
1.5824e-15 2.2204e-16 1.0009e+00 
9.9995e-01 9.4369e-16 -3.3862e-15 
5.5064e-17 1.0023e+00 0000 
1.9472e-15 -2.2204e-16 9.9995e-01 
9.9784e-01 5.5511e-16 -1.5543e-15 
4.2109e-17 1.0023e+00 0000 
1.4497e-15 -6.6613e-16 9.9784e-01 
9.9843e-01 -1.6653e-16 1.1102e-15 
7.0187e-19 1.0023e+00 0000 
1.9923e-16 -5.5511e-16 9.9843e-01 
1.0006e+00 -3.3307e-16 3.2196e-15 
4.9953e-17 1.0023e+00 0000 
-1.3548e-15 2.2204e-16 1.0006e+00 
1.0004e+00 2.2204e-16 3.3307e-15 
3.5318e-17 1.0023e+00 0000 
-2.2124e-15 1.3323e-15 1.0004e+00 
9.9816e-01 4.9960e-16 1.6653e-15 
2.0418e-17 1.0023e+00 0000 
-2.0539e-15 1.1102e-15 9.9816e-01 
9.9801e-01 1.1102e-16 -8.8818e-16 
-2.3205e-17 1.0023e+00 0000 
-4.1607e-16 0000 9.9801e-01 
1.0002e+00 -7.7716e-16 -2.8311e-15 
-6.2758e-17 1.0023e+00 0000 
1.6008e-15 -1.5543e-15 1.0002e+00 
1.0007e+00 -8.8818e-16 -3.4972e-15 
-8.2454e-19 1.0023e+00 0000 
2.5643e-15 -1.8874e-15 1.0007e+00 
9.9861e-01 -1.6653e-16 -2.4425e-15 
5.4730e-17 1.0023e+00 0000 
2.1192e-15 -6.6613e-16 9.9861e-01 
9.9774e-01 6.6613e-16 5.5511e-17 
1.8431e-17 1.0023e+00 0000 
5.7421e-16 1.3323e-15 9.9774e-01 
9.9972e-01 9.9920e-16 2.6645e-15 
-3.9713e-17 1.0024e+00 0000 
-1.0607e-15 2.4425e-15 9.9972e-01 
1.0009e+00 3.8858e-16 3.6637e-15 
4.1269e-17 1.0024e+00 0000 
-2.0909e-15 1.4433e-15 1.0009e+00 
9.9913e-01 -5.5511e-16 2.4980e-15 
-1.1043e-17 1.0024e+00 0000 
-2.2895e-15 -6.6613e-16 9.9913e-01 
9.9764e-01 -7.2164e-16 0000 
1.6459e-17 1.0024e+00 0000 
-1.3162e-15 -2.1094e-15 9.9764e-01 
9.9916e-01 0000 -2.2760e-15 
-1.5337e-17 1.0024e+00 0000 
5.9378e-16 -1.8874e-15 9.9916e-01 
1.0009e+00 6.6613e-16 -3.3307e-15 
1.3474e-17 1.0024e+00 0000 
2.1425e-15 -3.3307e-16 1.0009e+00 
9.9967e-01 6.1062e-16 -2.6645e-15 
-4.9811e-17 1.0024e+00 0000 
2.7105e-15 1.2212e-15 9.9967e-01 
9.9771e-01 -3.3307e-16 -4.4409e-16 
-4.9868e-17 1.0024e+00 0000 
1.7430e-15 1.3323e-15 9.9771e-01 
9.9863e-01 -1.2212e-15 1.5543e-15 
7.4222e-18 1.0024e+00 0000 
-3.6252e-16 7.7716e-16 9.9863e-01 
1.0007e+00 -7.7716e-16 2.8866e-15 
4.5183e-17 1.0024e+00 0000 
-2.1304e-15 0000 1.0007e+00 
1.0002e+00 5.5511e-16 2.6645e-15 
-3.1310e-17 1.0024e+00 0000 
-2.5987e-15 -1.1102e-16 1.0002e+00 
9.9796e-01 1.3323e-15 8.3267e-16 
2.4426e-17 1.0024e+00 0000 
-1.5550e-15 -4.4409e-16 9.9796e-01 
9.9816e-01 7.2164e-16 -1.4988e-15 
1.0247e-18 1.0024e+00 0000 
3.8862e-16 -7.7716e-16 9.9816e-01 
1.0004e+00 -7.7716e-16 -3.2752e-15 
2.6810e-17 1.0024e+00 0000 
2.1206e-15 -8.8818e-16 1.0004e+00 
1.0006e+00 -1.4988e-15 -2.9421e-15 
-2.2995e-17 1.0024e+00 0000 
2.6796e-15 -3.3307e-16 1.0006e+00 
9.9836e-01 -7.2164e-16 -9.4369e-16 
-3.6460e-17 1.0024e+00 0000 
1.8011e-15 5.5511e-16 9.9836e-01 
9.9782e-01 9.4369e-16 1.5543e-15 
-5.9505e-17 1.0024e+00 0000 
-2.7298e-18 1.6653e-15 9.9782e-01 
9.9993e-01 1.6098e-15 3.0531e-15 
-3.8181e-17 1.0024e+00 0000 
-1.9429e-15 1.1102e-15 9.9993e-01 
1.0008e+00 1.1657e-15 2.8866e-15 
6.8909e-18 1.0024e+00 0000 
-2.7383e-15 -2.2204e-16 1.0008e+00 
9.9885e-01 -6.1062e-16 1.0547e-15 
-3.2973e-17 1.0025e+00 0000 
-1.9475e-15 -1.4433e-15 9.9885e-01 
9.9763e-01 -1.7764e-15 -1.2768e-15 
6.0544e-17 1.0025e+00 0000 
-1.2887e-16 -1.5543e-15 9.9763e-01 
9.9939e-01 -1.4433e-15 -2.9421e-15 
-1.2714e-17 1.0025e+00 0000 
1.8854e-15 0000 9.9939e-01 
1.0009e+00 -1.6653e-16 -2.9976e-15 
8.6832e-20 1.0025e+00 0000 
2.7967e-15 1.3323e-15 1.0009e+00 
9.9939e-01 1.0547e-15 -1.4433e-15 
-6.0446e-17 1.0025e+00 0000 
2.1323e-15 1.4433e-15 9.9939e-01 
9.9762e-01 1.5543e-15 9.9920e-16 
2.1467e-17 1.0025e+00 0000 
2.5631e-16 2.2204e-16 9.9762e-01 
9.9884e-01 9.4369e-16 2.9421e-15 
6.7977e-18 1.0025e+00 0000 
-1.7231e-15 -1.2212e-15 9.9884e-01 
1.0008e+00 1.1102e-16 3.4417e-15 
-5.2781e-17 1.0025e+00 0000 
-2.9968e-15 -1.6653e-15 1.0008e+00 
9.9992e-01 -3.3307e-16 1.7208e-15 
-4.7492e-17 1.0025e+00 0000 
-2.6829e-15 -6.6613e-16 9.9992e-01 
9.9779e-01 -4.4409e-16 -6.1062e-16 
-8.2335e-18 1.0025e+00 0000 
-6.5776e-16 1.1102e-15 9.9779e-01 
9.9834e-01 -9.4369e-16 -2.7200e-15 
1.2835e-17 1.0025e+00 0000 
1.5889e-15 1.5543e-15 9.9834e-01 
1.0005e+00 -9.4369e-16 -3.2196e-15 
8.9450e-18 1.0025e+00 0000 
3.0600e-15 6.6613e-16 1.0005e+00 
1.0004e+00 -5.5511e-16 -2.1649e-15 
-5.2235e-17 1.0025e+00 0000 
2.7820e-15 -6.6613e-16 1.0004e+00 
9.9812e-01 7.7716e-16 2.2204e-16 
-1.2096e-17 1.0025e+00 0000 
1.1384e-15 -1.2212e-15 9.9812e-01 
9.9793e-01 1.8874e-15 2.4425e-15 
-2.8193e-17 1.0025e+00 0000 
-1.1507e-15 -3.3307e-16 9.9793e-01 
1.0001e+00 1.7764e-15 3.3862e-15 
-1.7205e-17 1.0025e+00 0000 
-2.8730e-15 7.7716e-16 1.0001e+00 
1.0007e+00 -2.2204e-16 2.2204e-15 
1.3721e-17 1.0025e+00 0000 
-3.2420e-15 6.6613e-16 1.0007e+00 
9.9858e-01 -2.4425e-15 0000 
-2.7910e-17 1.0025e+00 0000 
-1.8541e-15 -4.4409e-16 9.9858e-01 
9.9767e-01 -2.5535e-15 -1.9984e-15 
2.4948e-17 1.0026e+00 0000 
7.4962e-16 -7.7716e-16 9.9767e-01 
9.9962e-01 -4.9960e-16 -2.8866e-15 
2.1782e-17 1.0026e+00 0000 
3.1475e-15 -3.3307e-16 9.9962e-01 
1.0009e+00 1.9984e-15 -2.3870e-15 
-3.3610e-17 1.0026e+00 0000 
3.5865e-15 3.3307e-16 1.0009e+00 
9.9910e-01 2.8311e-15 -6.1062e-16 
2.2328e-17 1.0026e+00 0000 
1.9520e-15 8.8818e-16 9.9910e-01 
9.9757e-01 1.1102e-15 1.3878e-15 
2.6186e-17 1.0026e+00 0000 
-7.1185e-16 4.4409e-16 9.9757e-01 
9.9907e-01 -1.3878e-15 2.7200e-15 
-4.5103e-17 1.0026e+00 0000 
-2.8481e-15 -3.3307e-16 9.9907e-01 
1.0009e+00 -2.4425e-15 2.6090e-15 
-3.3285e-18 1.0026e+00 0000 
-3.4768e-15 -3.3307e-16 1.0009e+00 
9.9964e-01 -1.6098e-15 9.9920e-16 
4.2221e-17 1.0026e+00 0000 
-2.1424e-15 0000 9.9964e-01 
9.9766e-01 4.4409e-16 -1.2768e-15 
2.2509e-17 1.0026e+00 0000 
2.0506e-16 3.3307e-16 9.9766e-01 
9.9854e-01 1.8874e-15 -2.7200e-15 
2.7991e-17 1.0026e+00 0000 
2.4167e-15 -2.2204e-16 9.9854e-01 
1.0007e+00 1.6653e-15 -2.4980e-15 
2.6196e-17 1.0026e+00 0000 
3.5637e-15 -5.5511e-16 1.0007e+00 
1.0001e+00 3.8858e-16 -8.8818e-16 
-6.0127e-17 1.0026e+00 0000 
2.5054e-15 -7.7716e-16 1.0001e+00 
9.9792e-01 -9.4369e-16 1.1102e-15 
3.3139e-17 1.0026e+00 0000 
2.4900e-16 1.1102e-16 9.9792e-01 
9.9808e-01 -9.4369e-16 2.6090e-15 
6.4061e-17 1.0026e+00 0000 
-2.4759e-15 1.3323e-15 9.9808e-01 
1.0003e+00 -4.4409e-16 2.4980e-15 
6.1512e-17 1.0026e+00 0000 
-3.6916e-15 1.4433e-15 1.0003e+00 
1.0005e+00 -2.7756e-16 9.9920e-16 
1.0122e-17 1.0026e+00 0000 
-2.8193e-15 2.2204e-16 1.0005e+00 
9.9832e-01 -3.8858e-16 -1.0547e-15 
3.8570e-17 1.0026e+00 0000 
-3.0897e-16 -1.6653e-15 9.9832e-01 
9.9774e-01 -5.5511e-17 -2.2760e-15 
6.0423e-17 1.0026e+00 0000 
2.4417e-15 -2.1094e-15 9.9774e-01 
9.9984e-01 7.7716e-16 -2.4980e-15 
-2.0908e-17 1.0027e+00 0000 
3.7232e-15 -6.6613e-16 9.9984e-01 
1.0008e+00 1.2768e-15 -1.4988e-15 
9.8563e-18 1.0027e+00 0000 
3.0325e-15 1.7764e-15 1.0008e+00 
9.9881e-01 7.7716e-16 5.5511e-16 
1.0957e-17 1.0027e+00 0000 
4.8305e-16 2.6645e-15 9.9881e-01 
9.9757e-01 -5.5511e-16 2.3870e-15 
-4.2352e-18 1.0027e+00 0000 
-2.1391e-15 1.3323e-15 9.9757e-01 
9.9931e-01 -1.6653e-15 2.7200e-15 
5.1024e-18 1.0027e+00 0000 
-3.6981e-15 -1.2212e-15 9.9931e-01 
1.0009e+00 -1.1102e-15 1.8319e-15 
1.5002e-17 1.0027e+00 0000 
-3.2494e-15 -2.5535e-15 1.0009e+00 
9.9935e-01 4.9960e-16 -2.7756e-16 
5.7542e-18 1.0027e+00 0000 
-9.7138e-16 -1.7764e-15 9.9935e-01 
9.9757e-01 1.6653e-15 -2.1094e-15 
-2.7004e-18 1.0027e+00 0000 
1.7949e-15 4.4409e-16 9.9757e-01 
9.9876e-01 1.4433e-15 -2.7756e-15 
1.7622e-17 1.0027e+00 0000 
3.8099e-15 1.8874e-15 9.9876e-01 
1.0007e+00 -3.3307e-16 -1.9429e-15 
-3.7608e-17 1.0027e+00 0000 
3.5878e-15 1.4433e-15 1.0007e+00 
9.9988e-01 -1.6653e-15 -1.1102e-16 
-1.8064e-17 1.0027e+00 0000 
1.4965e-15 4.4409e-16 9.9988e-01 
9.9774e-01 -1.2768e-15 1.6653e-15 
5.8354e-17 1.0027e+00 0000 
-1.5326e-15 -4.4409e-16 9.9774e-01 
9.9826e-01 4.4409e-16 2.6645e-15 
-5.7957e-18 1.0027e+00 0000 
-3.9046e-15 -6.6613e-16 9.9826e-01 
1.0005e+00 1.4433e-15 2.1649e-15 
-1.9979e-18 1.0027e+00 0000 
-3.9235e-15 -5.5511e-16 1.0005e+00 
1.0003e+00 9.9920e-16 6.1062e-16 
2.6209e-18 1.0027e+00 0000 
-1.8753e-15 -7.7716e-16 1.0003e+00 
9.9808e-01 -7.2164e-16 -1.0547e-15 
-1.4490e-17 1.0027e+00 0000 
1.4778e-15 -6.6613e-16 9.9808e-01 
9.9786e-01 -1.5543e-15 -2.3315e-15 
-4.3352e-17 1.0027e+00 0000 
3.6838e-15 1.1102e-16 9.9786e-01 
1.0001e+00 -6.1062e-16 -2.4980e-15 
-4.1313e-17 1.0027e+00 0000 
3.8623e-15 1.4433e-15 1.0001e+00 
1.0006e+00 1.1102e-15 -1.1657e-15 
5.9215e-17 1.0027e+00 0000 
1.9666e-15 1.9984e-15 1.0006e+00 
9.9853e-01 1.6098e-15 7.7716e-16 
5.2175e-17 1.0028e+00 0000 
-9.4219e-16 6.6613e-16 9.9853e-01 
9.9760e-01 6.6613e-16 2.4980e-15 
-2.6464e-17 1.0028e+00 0000 
-3.3199e-15 -1.5543e-15 9.9760e-01 
9.9954e-01 -9.9920e-16 2.6645e-15 
4.5750e-17 1.0028e+00 0000 
-3.8218e-15 -2.7756e-15 9.9954e-01 
1.0008e+00 -1.6653e-15 1.2768e-15 
-1.9024e-17 1.0028e+00 0000 
-2.5257e-15 -1.7764e-15 1.0008e+00 
9.9906e-01 -7.7716e-16 -7.7716e-16 
-3.9738e-17 1.0028e+00 0000 
3.0954e-16 8.8818e-16 9.9906e-01 
9.9751e-01 6.1062e-16 -2.3870e-15 
8.3192e-18 1.0028e+00 0000 
3.2384e-15 2.7756e-15 9.9751e-01 
9.9899e-01 1.2768e-15 -2.6090e-15 
-3.9008e-17 1.0028e+00 0000 
4.3810e-15 2.2204e-15 9.9899e-01 
1.0008e+00 6.1062e-16 -1.4988e-15 
-1.1605e-17 1.0028e+00 0000 
3.1857e-15 -2.2204e-16 1.0008e+00 
9.9960e-01 -2.7756e-16 1.6653e-16 
-3.5388e-17 1.0028e+00 0000 
-9.6586e-17 -1.9984e-15 9.9960e-01 
9.9760e-01 -5.5511e-16 1.7764e-15 
-2.4317e-17 1.0028e+00 0000 
-3.2194e-15 -2.1094e-15 9.9760e-01 
9.9846e-01 -1.1102e-16 2.6090e-15 
2.2198e-17 1.0028e+00 0000 
-4.3842e-15 -4.4409e-16 9.9846e-01 
1.0006e+00 -1.1102e-16 1.9984e-15 
4.1995e-17 1.0028e+00 0000 
-3.0166e-15 1.3323e-15 1.0006e+00 
1.0001e+00 -2.7756e-16 2.2204e-16 
1.8748e-18 1.0028e+00 0000 
-6.7350e-17 1.6653e-15 1.0001e+00 
9.9787e-01 -5.5511e-16 -1.7764e-15 
1.9840e-17 1.0028e+00 0000 
2.7924e-15 5.5511e-16 9.9787e-01 
9.9801e-01 -1.6653e-16 -2.7200e-15 
2.9352e-18 1.0028e+00 0000 
4.0076e-15 -8.8818e-16 9.9801e-01 
1.0002e+00 9.4369e-16 -2.1649e-15 
-5.0207e-17 1.0028e+00 0000 
3.0460e-15 -1.1102e-15 1.0002e+00 
1.0005e+00 1.7764e-15 -1.6653e-16 
-4.0479e-17 1.0028e+00 0000 
6.4232e-16 -2.2204e-16 1.0005e+00 
9.9827e-01 9.4369e-16 1.7208e-15 
-7.6000e-18 1.0028e+00 0000 
-2.3354e-15 5.5511e-16 9.9827e-01 
9.9767e-01 -1.2212e-15 2.4980e-15 
-6.3666e-18 1.0029e+00 0000 
-3.9888e-15 4.4409e-16 9.9767e-01 
9.9977e-01 -2.6090e-15 1.9984e-15 
-9.4818e-18 1.0029e+00 0000 
-3.5665e-15 -3.3307e-16 9.9977e-01 
1.0007e+00 -1.8874e-15 3.8858e-16 
4.4367e-17 1.0029e+00 0000 
-8.7388e-16 -5.5511e-16 1.0007e+00 
9.9876e-01 4.9960e-16 -1.2212e-15 
6.4753e-18 1.0029e+00 0000 
2.6094e-15 1.1102e-16 9.9876e-01 
9.9750e-01 2.6645e-15 -2.3870e-15 
-5.4421e-17 1.0029e+00 0000 
4.4770e-15 8.8818e-16 9.9750e-01 
9.9923e-01 2.5535e-15 -2.5535e-15 
-4.2865e-17 1.0029e+00 0000 
3.6175e-15 5.5511e-16 9.9923e-01 
1.0008e+00 3.3307e-16 -1.1102e-15 
3.8343e-17 1.0029e+00 0000 
8.8933e-16 -1.1102e-16 1.0008e+00 
9.9930e-01 -2.1649e-15 8.3267e-16 
-8.7822e-18 1.0029e+00 0000 
-2.3071e-15 -1.1102e-15 9.9930e-01 
9.9751e-01 -2.8311e-15 2.4425e-15 
2.1417e-17 1.0029e+00 0000 
-4.0190e-15 -8.8818e-16 9.9751e-01 
9.9869e-01 -9.9920e-16 2.8866e-15 
-4.6812e-17 1.0029e+00 0000 
-3.5574e-15 3.3307e-16 9.9869e-01 
1.0007e+00 1.4433e-15 1.4433e-15 
2.5133e-17 1.0029e+00 0000 
-1.2284e-15 1.2212e-15 1.0007e+00 
9.9982e-01 2.3315e-15 -8.3267e-16 
2.2684e-17 1.0029e+00 0000 
1.7181e-15 6.6613e-16 9.9982e-01 
9.9769e-01 1.0547e-15 -2.7200e-15 
7.3826e-18 1.0029e+00 0000 
3.6222e-15 -5.5511e-16 9.9769e-01 
9.9819e-01 -6.6613e-16 -2.7756e-15 
4.6144e-17 1.0029e+00 0000 
3.8376e-15 -1.1102e-15 9.9819e-01 
1.0004e+00 -1.3323e-15 -1.2768e-15 
-3.1205e-17 1.0029e+00 0000 
2.0544e-15 -1.1102e-16 1.0004e+00 
1.0003e+00 -6.6613e-16 6.1062e-16 
4.8183e-17 1.0029e+00 0000 
-1.2504e-15 1.3323e-15 1.0003e+00 
9.9802e-01 2.2204e-16 2.1649e-15 
7.6105e-18 1.0029e+00 0000 
-3.9207e-15 1.5543e-15 9.9802e-01 
9.9779e-01 2.7756e-16 2.6090e-15 
2.4743e-18 1.0029e+00 0000 
-4.2536e-15 -1.1102e-16 9.9779e-01 
9.9999e-01 -3.3307e-16 1.7208e-15 
-6.2749e-17 1.0030e+00 0000 
-2.1371e-15 -1.9984e-15 9.9999e-01 
1.0006e+00 -1.6653e-16 0000 
-4.0606e-17 1.0030e+00 0000 
1.2195e-15 -2.3315e-15 1.0006e+00 
9.9848e-01 8.3267e-16 -1.8874e-15 
-2.5020e-17 1.0030e+00 0000 
3.8169e-15 0000 9.9848e-01 
9.9754e-01 1.4988e-15 -2.8866e-15 
-3.1693e-17 1.0030e+00 0000 
4.0883e-15 2.5535e-15 9.9754e-01 
9.9948e-01 4.9960e-16 -2.4980e-15 
-3.6295e-17 1.0030e+00 0000 
2.1266e-15 2.7756e-15 9.9948e-01 
1.0007e+00 -1.4988e-15 -3.8858e-16 
1.0182e-17 1.0030e+00 0000 
-7.9822e-16 2.2204e-16 1.0007e+00 
9.9900e-01 -2.1649e-15 2.0539e-15 
4.4419e-17 1.0030e+00 0000 
-3.0366e-15 -1.9984e-15 9.9900e-01 
9.9745e-01 -1.1102e-15 3.3307e-15 
1.7923e-17 1.0030e+00 0000 
-3.8870e-15 -2.7756e-15 9.9745e-01 
9.9893e-01 1.2212e-15 2.4980e-15 
5.2685e-17 1.0030e+00 0000 
-2.7847e-15 -9.9920e-16 9.9893e-01 
1.0007e+00 2.5535e-15 4.4409e-16 
-3.1694e-17 1.0030e+00 0000 
-2.4930e-16 1.5543e-15 1.0007e+00 
9.9954e-01 1.6098e-15 -1.6098e-15 
1.6980e-18 1.0030e+00 0000 
2.6992e-15 2.3315e-15 9.9954e-01 
9.9754e-01 -8.8818e-16 -2.6645e-15 
-3.5170e-17 1.0030e+00 0000 
4.2025e-15 9.9920e-16 9.9754e-01 
9.9840e-01 -2.4980e-15 -2.4425e-15 
-5.0633e-17 1.0030e+00 0000 
3.2938e-15 -7.7716e-16 9.9840e-01 
1.0005e+00 -1.7208e-15 -1.1657e-15 
1.1221e-17 1.0030e+00 0000 
5.0430e-16 -1.2212e-15 1.0005e+00 
1.0000e+00 7.7716e-16 7.7716e-16 
4.1524e-17 1.0030e+00 0000 
-2.6257e-15 -4.4409e-16 1.0000e+00 
9.9780e-01 2.2204e-15 2.4425e-15 
-1.6859e-17 1.0030e+00 0000 
-4.2919e-15 -1.1102e-16 9.9780e-01 
9.9794e-01 1.3878e-15 2.9976e-15 
-2.6463e-17 1.0030e+00 0000 
-3.1559e-15 1.1102e-16 9.9794e-01 
1.0002e+00 -7.7716e-16 1.8874e-15 
-1.0291e-17 1.0030e+00 0000 
-3.4686e-16 -2.2204e-16 1.0002e+00 
1.0004e+00 -1.9984e-15 -4.4409e-16 
2.2616e-17 1.0030e+00 0000 
2.5679e-15 1.1102e-16 1.0004e+00 
9.9820e-01 -1.0547e-15 -2.7756e-15 
-3.1973e-17 1.0031e+00 0000 
3.8992e-15 1.1102e-15 9.9820e-01 
9.9761e-01 9.4369e-16 -3.4972e-15 
-3.1736e-17 1.0031e+00 0000 
3.0169e-15 1.6653e-15 9.9761e-01 
9.9971e-01 1.7764e-15 -2.3315e-15 
-2.7587e-17 1.0031e+00 0000 
8.1624e-16 4.4409e-16 9.9971e-01 
1.0007e+00 8.8818e-16 5.5511e-16 
5.4865e-18 1.0031e+00 0000 
-1.6061e-15 -1.6653e-15 1.0007e+00 
9.9870e-01 -8.8818e-16 2.8311e-15 
5.1759e-17 1.0031e+00 0000 
-3.1230e-15 -2.6645e-15 9.9870e-01 
9.9744e-01 -1.6098e-15 3.4417e-15 
3.9841e-17 1.0031e+00 0000 
-3.2948e-15 -1.3323e-15 9.9744e-01 
9.9917e-01 -7.2164e-16 2.0539e-15 
1.4724e-17 1.0031e+00 0000 
-1.7598e-15 1.4433e-15 9.9917e-01 
1.0007e+00 8.8818e-16 -2.2204e-16 
3.9642e-17 1.0031e+00 0000 
1.0612e-15 3.3307e-15 1.0007e+00 
9.9924e-01 1.3323e-15 -2.1649e-15 
-2.3260e-17 1.0031e+00 0000 
3.4472e-15 2.4425e-15 9.9924e-01 
9.9744e-01 4.4409e-16 -3.1086e-15 
2.0581e-17 1.0031e+00 0000 
3.8652e-15 -7.7716e-16 9.9744e-01 
9.9863e-01 -7.7716e-16 -2.6645e-15 
-2.4688e-17 1.0031e+00 0000 
1.8272e-15 -3.4417e-15 9.9863e-01 
1.0006e+00 -8.8818e-16 -8.3267e-16 
4.1327e-18 1.0031e+00 0000 
-1.2266e-15 -2.8866e-15 1.0006e+00 
9.9976e-01 0000 1.6653e-15 
-4.4489e-17 1.0031e+00 0000 
-3.4185e-15 2.2204e-16 9.9976e-01 
9.9762e-01 6.1062e-16 3.4972e-15 
-2.2526e-17 1.0031e+00 0000 
-3.3748e-15 2.7756e-15 9.9762e-01 
9.9813e-01 1.1102e-16 3.3862e-15 
-1.7019e-17 1.0031e+00 0000 
-1.5700e-15 2.6645e-15 9.9813e-01 
1.0003e+00 -6.6613e-16 1.2212e-15 
1.9820e-17 1.0031e+00 0000 
8.3869e-16 4.4409e-16 1.0003e+00 
1.0002e+00 -6.6613e-16 -2.1094e-15 
-2.7192e-17 1.0031e+00 0000 
2.6473e-15 -1.7764e-15 1.0002e+00 
9.9795e-01 3.8858e-16 -4.0523e-15 
-6.1828e-18 1.0031e+00 0000 
2.9963e-15 -2.2204e-15 9.9795e-01 
9.9773e-01 1.4433e-15 -3.3307e-15 
-4.8004e-18 1.0032e+00 0000 
2.1438e-15 -6.6613e-16 9.9773e-01 
9.9993e-01 1.0547e-15 -7.7716e-16 
-1.2746e-17 1.0032e+00 0000 
2.0288e-16 8.8818e-16 9.9993e-01 
1.0005e+00 -7.7716e-16 1.8874e-15 
-3.3372e-17 1.0032e+00 0000 
-2.2432e-15 9.9920e-16 1.0005e+00 
9.9841e-01 -2.3315e-15 3.1641e-15 
6.2795e-17 1.0032e+00 0000 
-3.7768e-15 1.1102e-16 9.9841e-01 
9.9748e-01 -1.5543e-15 3.1086e-15 
9.1687e-18 1.0032e+00 0000 
-2.7939e-15 -4.4409e-16 9.9748e-01 
9.9942e-01 8.8818e-16 1.4433e-15 
1.8601e-17 1.0032e+00 0000 
-4.6960e-17 1.1102e-16 9.9942e-01 
1.0007e+00 2.7756e-15 -1.2212e-15 
-2.5392e-17 1.0032e+00 0000 
2.7223e-15 7.7716e-16 1.0007e+00 
9.9893e-01 2.4425e-15 -3.2752e-15 
3.0582e-17 1.0032e+00 0000 
3.8387e-15 5.5511e-16 9.9893e-01 
9.9739e-01 -3.8858e-16 -3.7748e-15 
-4.9586e-17 1.0032e+00 0000 
2.6214e-15 -8.8818e-16 9.9739e-01 
9.9887e-01 -2.9976e-15 -2.2760e-15 
1.0378e-18 1.0032e+00 0000 
2.1715e-17 -1.5543e-15 9.9887e-01 
1.0007e+00 -2.6645e-15 8.3267e-16 
-3.1087e-19 1.0032e+00 0000 
-2.3843e-15 -7.7716e-16 1.0007e+00 
9.9946e-01 -1.6653e-16 3.6082e-15 
5.7531e-17 1.0032e+00 0000 
-3.1760e-15 1.1102e-15 9.9946e-01 
9.9748e-01 2.5535e-15 4.3299e-15 
-8.6052e-18 1.0032e+00 0000 
-2.3667e-15 1.9984e-15 9.9748e-01 
9.9835e-01 2.8866e-15 2.2760e-15 
4.6185e-17 1.0032e+00 0000 
-5.9252e-16 8.8818e-16 9.9835e-01 
1.0005e+00 8.3267e-16 -9.9920e-16 
-3.6336e-18 1.0032e+00 0000 
1.3854e-15 -1.2212e-15 1.0005e+00 
9.9995e-01 -1.3878e-15 -3.6637e-15 
1.5356e-17 1.0032e+00 0000 
2.8269e-15 -1.9984e-15 9.9995e-01 
9.9773e-01 -2.2204e-15 -3.9413e-15 
-3.4562e-18 1.0032e+00 0000 
2.9685e-15 -6.6613e-16 9.9773e-01 
9.9789e-01 -9.9920e-16 -2.0539e-15 
-8.8845e-18 1.0032e+00 0000 
1.4327e-15 1.5543e-15 9.9789e-01 
1.0001e+00 5.5511e-17 6.1062e-16 
-3.1898e-17 1.0032e+00 0000 
-1.1486e-15 2.2204e-15 1.0001e+00 
1.0003e+00 6.1062e-16 2.8866e-15 
-8.9170e-18 1.0033e+00 0000 
-3.2396e-15 5.5511e-16 1.0003e+00 
9.9813e-01 6.6613e-16 3.7192e-15 
-1.5754e-17 1.0033e+00 0000 
-3.1870e-15 -1.4433e-15 9.9813e-01 
9.9756e-01 7.2164e-16 2.7756e-15 
4.2062e-17 1.0033e+00 0000 
-1.2249e-15 -2.2204e-15 9.9756e-01 
9.9966e-01 8.8818e-16 3.3307e-16 
-2.4302e-17 1.0033e+00 0000 
1.4494e-15 -6.6613e-16 9.9966e-01 
1.0006e+00 8.3267e-16 -2.6645e-15 
4.4457e-18 1.0033e+00 0000 
2.7325e-15 1.3323e-15 1.0006e+00 
9.9862e-01 -2.7756e-16 -4.2188e-15 
-1.3120e-17 1.0033e+00 0000 
2.2567e-15 1.8874e-15 9.9862e-01 
9.9738e-01 -1.7764e-15 -3.1086e-15 
1.5650e-17 1.0033e+00 0000 
8.7801e-16 3.3307e-16 9.9738e-01 
9.9913e-01 -2.2204e-15 -1.1102e-16 
-4.4502e-17 1.0033e+00 0000 
-5.6894e-16 -1.3323e-15 9.9913e-01 
1.0007e+00 -6.1062e-16 2.9421e-15 
-2.0881e-17 1.0033e+00 0000 
-1.9391e-15 -1.6653e-15 1.0007e+00 
9.9916e-01 1.9429e-15 3.9413e-15 
9.5510e-18 1.0033e+00 0000 
-2.2197e-15 -3.3307e-16 9.9916e-01 
9.9738e-01 2.7756e-15 2.5535e-15 
1.1669e-17 1.0033e+00 0000 
-1.4020e-15 1.4433e-15 9.9738e-01 
9.9858e-01 1.1657e-15 -1.6653e-16 
8.8768e-18 1.0033e+00 0000 
2.7076e-16 1.6653e-15 9.9858e-01 
1.0006e+00 -1.4433e-15 -2.3870e-15 
2.1214e-17 1.0033e+00 0000 
2.0072e-15 4.4409e-16 1.0006e+00 
9.9968e-01 -3.1086e-15 -3.4972e-15 
-3.9773e-17 1.0033e+00 0000 
2.7121e-15 -8.8818e-16 9.9968e-01 
9.9755e-01 -1.7764e-15 -2.4980e-15 
-3.9824e-17 1.0033e+00 0000 
1.4879e-15 -1.4433e-15 9.9755e-01 
9.9808e-01 1.1102e-15 -3.3307e-16 
1.1219e-17 1.0033e+00 0000 
-7.2806e-16 -9.9920e-16 9.9808e-01 
1.0003e+00 2.8866e-15 2.2760e-15 
-5.3485e-17 1.0033e+00 0000 
-2.3749e-15 -1.1102e-16 1.0003e+00 
1.0001e+00 2.3870e-15 3.7748e-15 
-4.1923e-17 1.0033e+00 0000 
-2.5802e-15 3.3307e-16 1.0001e+00 
9.9788e-01 -2.2204e-16 3.2752e-15 
-4.1016e-17 1.0034e+00 0000 
-1.0930e-15 6.6613e-16 9.9788e-01 
9.9768e-01 -2.5535e-15 6.6613e-16 
1.4869e-17 1.0034e+00 0000 
8.1586e-16 7.7716e-16 9.9768e-01 
9.9989e-01 -2.5535e-15 -2.5535e-15 
8.9260e-18 1.0034e+00 0000 
1.9697e-15 6.6613e-16 9.9989e-01 
1.0005e+00 -7.7716e-16 -4.4409e-15 
-3.2554e-17 1.0034e+00 0000 
2.2720e-15 7.7716e-16 1.0005e+00 
9.9832e-01 1.1102e-15 -3.6082e-15 
3.6854e-17 1.0034e+00 0000 
1.4757e-15 -4.4409e-16 9.9832e-01 
9.9742e-01 1.7764e-15 -6.1062e-16 
-1.2627e-17 1.0034e+00 0000 
1.0383e-17 -1.6653e-15 9.9742e-01 
9.9938e-01 9.9920e-16 2.7756e-15 
1.3144e-17 1.0034e+00 0000 
-1.4825e-15 -1.9984e-15 9.9938e-01 
1.0006e+00 -5.5511e-17 4.4964e-15 
-1.8921e-17 1.0034e+00 0000 
-2.5534e-15 -6.6613e-16 1.0006e+00 
9.9884e-01 -4.9960e-16 3.5527e-15 
-2.6685e-17 1.0034e+00 0000 
-2.6291e-15 1.4433e-15 9.9884e-01 
9.9733e-01 -2.2204e-16 9.4369e-16 
4.0690e-17 1.0034e+00 0000 
-1.0533e-15 2.6645e-15 9.9733e-01 
9.9884e-01 -5.5511e-17 -1.9429e-15 
-5.6731e-17 1.0034e+00 0000 
1.4865e-15 1.9984e-15 9.9884e-01 
1.0006e+00 -4.4409e-16 -3.7748e-15 
5.2816e-17 1.0034e+00 0000 
3.2420e-15 -7.7716e-16 1.0006e+00 
9.9938e-01 -7.7716e-16 -3.8858e-15 
1.0868e-17 1.0034e+00 0000 
2.9244e-15 -2.8866e-15 9.9938e-01 
9.9741e-01 -4.9960e-16 -2.1649e-15 
3.2799e-17 1.0034e+00 0000 
8.4431e-16 -2.5535e-15 9.9741e-01 
9.9831e-01 3.8858e-16 8.8818e-16 
1.6429e-17 1.0034e+00 0000 
-1.3677e-15 1.1102e-16 9.9831e-01 
1.0004e+00 8.8818e-16 3.9413e-15 
1.5937e-17 1.0034e+00 0000 
-2.3470e-15 2.7756e-15 1.0004e+00 
9.9987e-01 7.7716e-16 4.7184e-15 
1.5704e-17 1.0034e+00 0000 
-2.2000e-15 3.2196e-15 9.9987e-01 
9.9766e-01 -2.7756e-16 2.6645e-15 
4.0674e-17 1.0034e+00 0000 
-1.4055e-15 5.5511e-16 9.9766e-01 
9.9785e-01 -7.7716e-16 -8.8818e-16 
-8.2330e-18 1.0035e+00 0000 
-1.5662e-16 -2.4425e-15 9.9785e-01 
1.0001e+00 -2.2204e-16 -3.7192e-15 
-8.1129e-18 1.0035e+00 0000 
1.2892e-15 -3.2196e-15 1.0001e+00 
1.0003e+00 1.2212e-15 -3.8303e-15 
-7.7144e-18 1.0035e+00 0000 
2.4147e-15 -1.4433e-15 1.0003e+00 
9.9804e-01 1.2212e-15 -1.9429e-15 
-3.4602e-17 1.0035e+00 0000 
2.3082e-15 1.1102e-15 9.9804e-01 
9.9751e-01 -2.2204e-16 7.2164e-16 
-2.1827e-17 1.0035e+00 0000 
6.8449e-16 2.4425e-15 9.9751e-01 
9.9963e-01 -2.0539e-15 2.4425e-15 
-9.5122e-18 1.0035e+00 0000 
-1.7265e-15 1.6653e-15 9.9963e-01 
1.0005e+00 -1.8874e-15 3.1641e-15 
3.8188e-17 1.0035e+00 0000 
-2.6933e-15 4.4409e-16 1.0005e+00 
9.9853e-01 5.5511e-17 2.2760e-15 
3.8023e-17 1.0035e+00 0000 
-2.0206e-15 -4.4409e-16 9.9853e-01 
9.9733e-01 2.2204e-15 2.2204e-16 
-2.6651e-17 1.0035e+00 0000 
-1.1137e-16 -9.9920e-16 9.9733e-01 
9.9910e-01 2.3870e-15 -2.1094e-15 
-3.8230e-18 1.0035e+00 0000 
1.6732e-15 -9.9920e-16 9.9910e-01 
1.0006e+00 3.3307e-16 -3.7192e-15 
5.0275e-17 1.0035e+00 0000 
2.2201e-15 -1.1102e-15 1.0006e+00 
9.9906e-01 -2.2204e-15 -3.1641e-15 
3.7086e-17 1.0035e+00 0000 
1.5964e-15 -6.6613e-16 9.9906e-01 
9.9731e-01 -2.5535e-15 -4.4409e-16 
4.6030e-17 1.0035e+00 0000 
3.1951e-16 6.6613e-16 9.9731e-01 
9.9855e-01 -6.1062e-16 2.7756e-15 
3.6089e-17 1.0035e+00 0000 
-6.8948e-16 2.1094e-15 9.9855e-01 
1.0005e+00 1.5543e-15 4.0523e-15 
-4.9361e-17 1.0035e+00 0000 
-1.8332e-15 2.2204e-15 1.0005e+00 
9.9959e-01 2.3315e-15 2.7200e-15 
-5.2124e-18 1.0035e+00 0000 
-2.1035e-15 3.3307e-16 9.9959e-01 
9.9747e-01 8.8818e-16 -5.5511e-17 
5.8061e-17 1.0035e+00 0000 
-1.1817e-15 -1.9984e-15 9.9747e-01 
9.9805e-01 -1.2212e-15 -2.6645e-15 
-4.5487e-17 1.0035e+00 0000 
8.1307e-16 -2.6645e-15 9.9805e-01 
1.0003e+00 -2.1094e-15 -3.6637e-15 
5.4431e-17 1.0035e+00 0000 
2.5552e-15 -8.8818e-16 1.0003e+00 
1.0000e+00 -1.1102e-15 -2.6645e-15 
4.2005e-18 1.0036e+00 0000 
2.7759e-15 1.6653e-15 1.0000e+00 
9.9779e-01 6.6613e-16 -2.7756e-16 
1.9915e-17 1.0036e+00 0000 
1.1840e-15 2.6645e-15 9.9779e-01 
9.9764e-01 1.6653e-15 2.1094e-15 
-1.2589e-17 1.0036e+00 0000 
-1.3004e-15 9.9920e-16 9.9764e-01 
9.9985e-01 1.3878e-15 3.5527e-15 
9.9542e-18 1.0036e+00 0000 
-3.1369e-15 -1.5543e-15 9.9985e-01 
1.0004e+00 5.5511e-16 3.3307e-15 
2.5838e-17 1.0036e+00 0000 
-3.0571e-15 -2.6645e-15 1.0004e+00 
9.9823e-01 -2.2204e-16 1.3878e-15 
3.5887e-17 1.0036e+00 0000 
-1.0447e-15 -1.4433e-15 9.9823e-01 
9.9737e-01 -8.3267e-16 -1.7764e-15 
2.5030e-17 1.0036e+00 0000 
1.2462e-15 1.3323e-15 9.9737e-01 
9.9936e-01 -1.2768e-15 -4.1633e-15 
1.8068e-17 1.0036e+00 0000 
2.7169e-15 2.6645e-15 9.9936e-01 
1.0006e+00 -1.7208e-15 -4.3854e-15 
-1.4125e-17 1.0036e+00 0000 
2.8025e-15 1.7764e-15 1.0006e+00 
9.9874e-01 -9.9920e-16 -1.6653e-15 
6.2222e-17 1.0036e+00 0000 
2.0505e-15 -4.4409e-16 9.9874e-01 
9.9727e-01 8.8818e-16 1.9984e-15 
4.7970e-17 1.0036e+00 0000 
-4.4618e-17 -2.1094e-15 9.9727e-01 
9.9881e-01 2.6645e-15 4.3854e-15 
-8.0028e-18 1.0036e+00 0000 
-2.3131e-15 -1.6653e-15 9.9881e-01 
1.0006e+00 2.8311e-15 4.2188e-15 
-7.8189e-18 1.0036e+00 0000 
-3.7673e-15 0000 1.0006e+00 
9.9928e-01 7.2164e-16 1.7208e-15 
-4.8032e-17 1.0036e+00 0000 
-3.3008e-15 1.1102e-15 9.9928e-01 
9.9733e-01 -2.2204e-15 -1.2212e-15 
2.0716e-17 1.0036e+00 0000 
-6.0419e-16 8.8818e-16 9.9733e-01 
9.9828e-01 -3.7192e-15 -3.2752e-15 
3.7194e-17 1.0036e+00 0000 
2.5869e-15 -1.1102e-16 9.9828e-01 
1.0004e+00 -2.2204e-15 -3.7192e-15 
1.8028e-17 1.0036e+00 0000 
4.2007e-15 -7.7716e-16 1.0004e+00 
9.9977e-01 1.1657e-15 -2.7200e-15 
1.4446e-18 1.0036e+00 0000 
3.1348e-15 -2.2204e-16 9.9977e-01 
9.9757e-01 3.5527e-15 -3.3307e-16 
9.7770e-18 1.0037e+00 0000 
4.6106e-16 5.5511e-16 9.9757e-01 
9.9782e-01 2.8866e-15 2.7200e-15 
9.6925e-18 1.0037e+00 0000 
-1.6947e-15 7.7716e-16 9.9782e-01 
1.0001e+00 -2.7756e-16 4.2744e-15 
4.7433e-17 1.0037e+00 0000 
-2.9375e-15 2.2204e-16 1.0001e+00 
1.0002e+00 -2.9421e-15 3.3307e-15 
2.2037e-17 1.0037e+00 0000 
-2.8320e-15 -5.5511e-16 1.0002e+00 
9.9795e-01 -2.9976e-15 2.7756e-16 
-4.7407e-17 1.0037e+00 0000 
-1.5011e-15 -3.3307e-16 9.9795e-01 
9.9747e-01 -4.4409e-16 -2.6645e-15 
1.9542e-17 1.0037e+00 0000 
5.2831e-16 2.2204e-16 9.9747e-01 
9.9960e-01 2.3315e-15 -3.8858e-15 
3.8191e-17 1.0037e+00 0000 
2.4800e-15 -1.1102e-16 9.9960e-01 
1.0004e+00 2.7756e-15 -2.8311e-15 
1.9402e-17 1.0037e+00 0000 
3.1539e-15 -8.8818e-16 1.0004e+00 
9.9843e-01 1.0547e-15 5.5511e-17 
3.8084e-17 1.0037e+00 0000 
2.2201e-15 -1.3323e-15 9.9843e-01 
9.9727e-01 -1.1102e-15 2.6090e-15 
1.9867e-17 1.0037e+00 0000 
-2.9141e-16 -5.5511e-16 9.9727e-01 
9.9908e-01 -2.2760e-15 3.1086e-15 
-1.6077e-17 1.0037e+00 0000 
-2.8833e-15 1.5543e-15 9.9908e-01 
1.0005e+00 -1.3878e-15 2.1094e-15 
-1.4687e-18 1.0037e+00 0000 
-3.6687e-15 2.9976e-15 1.0005e+00 
9.9896e-01 -2.7756e-16 0000 
4.4284e-17 1.0037e+00 0000 
-1.9468e-15 1.8874e-15 9.9896e-01 
9.9724e-01 3.8858e-16 -1.9429e-15 
-3.7816e-17 1.0037e+00 0000 
1.0858e-15 -9.9920e-16 9.9724e-01 
9.9854e-01 4.4409e-16 -2.9976e-15 
-5.2427e-18 1.0037e+00 0000 
3.3706e-15 -3.4417e-15 9.9854e-01 
1.0005e+00 9.9920e-16 -2.6645e-15 
-3.8105e-17 1.0037e+00 0000 
3.2134e-15 -3.3307e-15 1.0005e+00 
9.9948e-01 1.5543e-15 -7.7716e-16 
8.1816e-18 1.0037e+00 0000 
1.2471e-15 -3.3307e-16 9.9948e-01 
9.9739e-01 1.0547e-15 1.9984e-15 
5.5434e-17 1.0037e+00 0000 
-1.3297e-15 2.8866e-15 9.9739e-01 
9.9803e-01 -3.8858e-16 3.9413e-15 
-2.2257e-17 1.0038e+00 0000 
-2.9687e-15 3.4417e-15 9.9803e-01 
1.0002e+00 -2.0539e-15 3.3862e-15 
4.5552e-17 1.0038e+00 0000 
-3.3444e-15 8.8818e-16 1.0002e+00 
9.9994e-01 -2.2204e-15 8.3267e-16 
2.6946e-17 1.0038e+00 0000 
-2.0094e-15 -2.1094e-15 9.9994e-01 
9.9770e-01 -5.5511e-16 -2.4980e-15 
5.0431e-17 1.0038e+00 0000 
5.7152e-16 -2.7756e-15 9.9770e-01 
9.9761e-01 1.4988e-15 -4.2744e-15 
1.2484e-17 1.0038e+00 0000 
3.1961e-15 -1.1102e-15 9.9761e-01 
9.9983e-01 2.2204e-15 -3.4417e-15 
1.4297e-17 1.0038e+00 0000 
4.3235e-15 1.3323e-15 9.9983e-01 
1.0003e+00 7.2164e-16 -8.3267e-16 
-3.9536e-17 1.0038e+00 0000 
2.9200e-15 2.5535e-15 1.0003e+00 
9.9812e-01 -1.4433e-15 2.0539e-15 
3.7191e-17 1.0038e+00 0000 
-2.0846e-16 1.6653e-15 9.9812e-01 
9.9733e-01 -2.0539e-15 3.8303e-15 
3.1969e-17 1.0038e+00 0000 
-3.5709e-15 -4.4409e-16 9.9733e-01 
9.9934e-01 -4.9960e-16 3.6637e-15 
3.5746e-17 1.0038e+00 0000 
-5.0403e-15 -1.8874e-15 9.9934e-01 
1.0005e+00 1.8319e-15 1.7764e-15 
-4.9357e-17 1.0038e+00 0000 
-3.5828e-15 -1.7764e-15 1.0005e+00 
9.9863e-01 2.4980e-15 -7.7716e-16 
2.8588e-17 1.0038e+00 0000 
-1.4511e-16 -1.1102e-15 9.9863e-01 
9.9721e-01 5.5511e-16 -3.4417e-15 
1.7522e-17 1.0038e+00 0000 
3.1542e-15 -3.3307e-16 9.9721e-01 
9.9880e-01 -2.1094e-15 -4.2188e-15 
5.1328e-18 1.0038e+00 0000 
4.7552e-15 7.7716e-16 9.9880e-01 
1.0005e+00 -3.2196e-15 -2.7200e-15 
-5.8305e-17 1.0038e+00 0000 
3.9436e-15 1.7764e-15 1.0005e+00 
9.9917e-01 -1.6098e-15 5.5511e-17 
-3.8462e-17 1.0038e+00 0000 
1.2463e-15 2.4425e-15 9.9917e-01 
9.9726e-01 1.2212e-15 2.6645e-15 
-3.2027e-17 1.0038e+00 0000 
-2.0339e-15 1.5543e-15 9.9726e-01 
9.9827e-01 2.7756e-15 3.9413e-15 
-1.0197e-17 1.0038e+00 0000 
-4.1737e-15 -7.7716e-16 9.9827e-01 
1.0003e+00 1.9984e-15 3.1641e-15 
-5.2315e-18 1.0038e+00 0000 
-4.4128e-15 -3.2196e-15 1.0003e+00 
9.9967e-01 -4.4409e-16 3.3307e-16 
2.3456e-17 1.0039e+00 0000 
-2.4173e-15 -3.6637e-15 9.9967e-01 
9.9748e-01 -1.8319e-15 -2.2204e-15 
2.4659e-17 1.0039e+00 0000 
9.3850e-16 -1.3323e-15 9.9748e-01 
9.9780e-01 -1.1102e-15 -3.2752e-15 
1.3703e-17 1.0039e+00 0000 
3.9072e-15 2.3315e-15 9.9780e-01 
1.0000e+00 2.2204e-16 -2.5535e-15 
1.5470e-17 1.0039e+00 0000 
4.6849e-15 3.9968e-15 1.0000e+00 
1.0001e+00 1.1657e-15 -3.8858e-16 
-9.8552e-18 1.0039e+00 0000 
2.4761e-15 2.4425e-15 1.0001e+00 
9.9784e-01 7.7716e-16 1.5543e-15 
2.5939e-17 1.0039e+00 0000 
-8.9561e-16 -6.6613e-16 9.9784e-01 
9.9744e-01 -2.7756e-16 2.4980e-15 
-3.5128e-17 1.0039e+00 0000 
-3.6864e-15 -3.1086e-15 9.9744e-01 
9.9959e-01 -8.3267e-16 2.1649e-15 
-2.1683e-17 1.0039e+00 0000 
-4.2420e-15 -2.5535e-15 9.9959e-01 
1.0004e+00 -5.5511e-16 9.4369e-16 
3.4108e-17 1.0039e+00 0000 
-2.2973e-15 3.3307e-16 1.0004e+00 
9.9831e-01 -2.2204e-16 -1.1657e-15 
-2.3907e-17 1.0039e+00 0000 
8.7242e-16 2.4425e-15 9.9831e-01 
9.9722e-01 -2.2204e-16 -2.4980e-15 
2.6041e-17 1.0039e+00 0000 
3.3423e-15 2.1094e-15 9.9722e-01 
9.9907e-01 0000 -2.5535e-15 
5.0238e-17 1.0039e+00 0000 
3.9861e-15 0000 9.9907e-01 
1.0005e+00 1.0547e-15 -8.3267e-16 
-5.6920e-17 1.0039e+00 0000 
2.4759e-15 -2.1094e-15 1.0005e+00 
9.9884e-01 2.0539e-15 1.2212e-15 
4.2195e-17 1.0039e+00 0000 
-6.3485e-16 -2.1094e-15 9.9884e-01 
9.9718e-01 1.6098e-15 2.6090e-15 
-5.9112e-17 1.0039e+00 0000 
-3.4034e-15 -5.5511e-16 9.9718e-01 
9.9853e-01 -5.5511e-16 2.2760e-15 
2.2172e-17 1.0039e+00 0000 
-4.2111e-15 1.4433e-15 9.9853e-01 
1.0004e+00 -3.1086e-15 7.7716e-16 
5.8640e-18 1.0039e+00 0000 
-2.5126e-15 1.7764e-15 1.0004e+00 
9.9936e-01 -3.8858e-15 -1.2212e-15 
4.5087e-17 1.0039e+00 0000 
7.0797e-16 8.8818e-16 9.9936e-01 
9.9730e-01 -1.4433e-15 -2.4980e-15 
-3.2400e-17 1.0040e+00 0000 
3.5748e-15 0000 9.9730e-01 
9.9802e-01 2.3315e-15 -2.5535e-15 
4.3951e-17 1.0040e+00 0000 
4.2707e-15 -2.2204e-16 9.9802e-01 
1.0002e+00 4.7184e-15 -1.2212e-15 
-1.2242e-17 1.0040e+00 0000 
2.7845e-15 -5.5511e-16 1.0002e+00 
9.9983e-01 3.5527e-15 8.8818e-16 
-2.2560e-17 1.0040e+00 0000 
-4.5140e-16 -9.9920e-16 9.9983e-01 
9.9759e-01 -5.5511e-17 2.6090e-15 
-4.5215e-17 1.0040e+00 0000 
-3.3396e-15 -9.9920e-16 9.9759e-01 
9.9759e-01 -3.6637e-15 2.9976e-15 
-5.5323e-17 1.0040e+00 0000 
-4.5648e-15 -7.7716e-16 9.9759e-01 
9.9982e-01 -4.0523e-15 1.8319e-15 
-4.9299e-17 1.0040e+00 0000 
-3.2429e-15 5.5511e-16 9.9982e-01 
1.0002e+00 -1.1657e-15 -2.7756e-16 
5.2026e-17 1.0040e+00 0000 
-1.7752e-16 1.7764e-15 1.0002e+00 
9.9801e-01 1.9429e-15 -2.4425e-15 
3.9417e-17 1.0040e+00 0000 
2.9617e-15 1.5543e-15 9.9801e-01 
