1.36166e-04 4.02750e+02  0.00000e+00 0.00000e+00 
2.72331e-04 3.68835e+03  -3.14442e+03 0.00000e+00 
4.08497e-04 1.26299e+04  -1.15442e+04 0.00000e+00 
5.44658e-04 3.66468e+04  -3.43441e+04 0.00000e+00 
6.80815e-04 9.16269e+04  -8.75767e+04 0.00000e+00 
8.16971e-04 1.91139e+05  -1.86074e+05 0.00000e+00 
9.53127e-04 3.45952e+05  -3.39487e+05 0.00000e+00 
1.08928e-03 5.82646e+05  -5.73593e+05 0.00000e+00 
1.22543e-03 9.37292e+05  -9.25233e+05 0.00000e+00 
1.36158e-03 1.43204e+06  -1.41792e+06 0.00000e+00 
1.49772e-03 2.08449e+06  -2.06799e+06 0.00000e+00 
1.63387e-03 2.93940e+06  -2.91912e+06 0.00000e+00 
1.77001e-03 4.05317e+06  -4.02869e+06 0.00000e+00 
1.90614e-03 5.45692e+06  -5.42923e+06 0.00000e+00 
2.04228e-03 7.17535e+06  -7.14423e+06 0.00000e+00 
2.17842e-03 9.27028e+06  -9.23428e+06 0.00000e+00 
2.31455e-03 1.18175e+07  -1.17762e+07 0.00000e+00 
2.45068e-03 1.48587e+07  -1.48130e+07 0.00000e+00 
2.58681e-03 1.84269e+07  -1.83766e+07 0.00000e+00 
2.72293e-03 2.25991e+07  -2.25429e+07 0.00000e+00 
2.85905e-03 2.74691e+07  -2.74064e+07 0.00000e+00 
2.99518e-03 3.30908e+07  -3.30225e+07 0.00000e+00 
3.13129e-03 3.95070e+07  -3.94331e+07 0.00000e+00 
3.26741e-03 4.68085e+07  -4.67276e+07 0.00000e+00 
3.40353e-03 5.51051e+07  -5.50167e+07 0.00000e+00 
3.53964e-03 6.44646e+07  -6.43694e+07 0.00000e+00 
3.67575e-03 7.49412e+07  -7.48392e+07 0.00000e+00 
3.81186e-03 8.66380e+07  -8.65280e+07 0.00000e+00 
3.94796e-03 9.96794e+07  -9.95609e+07 0.00000e+00 
4.08406e-03 1.14148e+08  -1.14021e+08 0.00000e+00 
4.22017e-03 1.30111e+08  -1.29976e+08 0.00000e+00 
4.35626e-03 1.47683e+08  -1.47539e+08 0.00000e+00 
4.49236e-03 1.67001e+08  -1.66848e+08 0.00000e+00 
4.62845e-03 1.88163e+08  -1.88001e+08 0.00000e+00 
4.76455e-03 2.11252e+08  -2.11080e+08 0.00000e+00 
4.90064e-03 2.36391e+08  -2.36209e+08 0.00000e+00 
5.03673e-03 2.63731e+08  -2.63539e+08 0.00000e+00 
5.17281e-03 2.93386e+08  -2.93183e+08 0.00000e+00 
5.30889e-03 3.25451e+08  -3.25237e+08 0.00000e+00 
5.44498e-03 3.60063e+08  -3.59838e+08 0.00000e+00 
5.58105e-03 3.97383e+08  -3.97147e+08 0.00000e+00 
5.71713e-03 4.37540e+08  -4.37292e+08 0.00000e+00 
5.85320e-03 4.80645e+08  -4.80386e+08 0.00000e+00 
5.98928e-03 5.26848e+08  -5.26576e+08 0.00000e+00 
6.12535e-03 5.76318e+08  -5.76034e+08 0.00000e+00 
6.26141e-03 6.29200e+08  -6.28904e+08 0.00000e+00 
6.39748e-03 6.85623e+08  -6.85313e+08 0.00000e+00 
6.53354e-03 7.45744e+08  -7.45421e+08 0.00000e+00 
6.66960e-03 8.09746e+08  -8.09409e+08 0.00000e+00 
6.80566e-03 8.77788e+08  -8.77438e+08 0.00000e+00 
6.94172e-03 9.50014e+08  -9.49650e+08 0.00000e+00 
7.07778e-03 1.02659e+09  -1.02622e+09 0.00000e+00 
7.21383e-03 1.10772e+09  -1.10733e+09 0.00000e+00 
7.34988e-03 1.19357e+09  -1.19316e+09 0.00000e+00 
7.48593e-03 1.28430e+09  -1.28387e+09 0.00000e+00 
7.62197e-03 1.38009e+09  -1.37965e+09 0.00000e+00 
7.75801e-03 1.48115e+09  -1.48069e+09 0.00000e+00 
7.89406e-03 1.58766e+09  -1.58718e+09 0.00000e+00 
8.03009e-03 1.69979e+09  -1.69931e+09 0.00000e+00 
8.16613e-03 1.81776e+09  -1.81725e+09 0.00000e+00 
8.30217e-03 1.94176e+09  -1.94124e+09 0.00000e+00 
8.43820e-03 2.07199e+09  -2.07146e+09 0.00000e+00 
8.57423e-03 2.20866e+09  -2.20811e+09 0.00000e+00 
8.71026e-03 2.35197e+09  -2.35140e+09 0.00000e+00 
8.84628e-03 2.50214e+09  -2.50155e+09 0.00000e+00 
8.98230e-03 2.65938e+09  -2.65877e+09 0.00000e+00 
9.11833e-03 2.82391e+09  -2.82328e+09 0.00000e+00 
9.25435e-03 2.99594e+09  -2.99529e+09 0.00000e+00 
9.39036e-03 3.17570e+09  -3.17504e+09 0.00000e+00 
9.52638e-03 3.36344e+09  -3.36275e+09 0.00000e+00 
9.66239e-03 3.55936e+09  -3.55866e+09 0.00000e+00 
9.79840e-03 3.76370e+09  -3.76298e+09 0.00000e+00 
9.93441e-03 3.97671e+09  -3.97597e+09 0.00000e+00 
1.00704e-02 4.19863e+09  -4.19787e+09 0.00000e+00 
1.02064e-02 4.42970e+09  -4.42892e+09 0.00000e+00 
1.03424e-02 4.67016e+09  -4.66935e+09 0.00000e+00 
1.04784e-02 4.92026e+09  -4.91943e+09 0.00000e+00 
1.06144e-02 5.18027e+09  -5.17942e+09 0.00000e+00 
1.07504e-02 5.45043e+09  -5.44956e+09 0.00000e+00 
1.08864e-02 5.73101e+09  -5.73011e+09 0.00000e+00 
1.10224e-02 6.02226e+09  -6.02135e+09 0.00000e+00 
1.11584e-02 6.32447e+09  -6.32353e+09 0.00000e+00 
1.12944e-02 6.63789e+09  -6.63693e+09 0.00000e+00 
1.14303e-02 6.96280e+09  -6.96182e+09 0.00000e+00 
1.15663e-02 7.29948e+09  -7.29847e+09 0.00000e+00 
1.17023e-02 7.64820e+09  -7.64717e+09 0.00000e+00 
1.18383e-02 8.00925e+09  -8.00820e+09 0.00000e+00 
1.19743e-02 8.38292e+09  -8.38184e+09 0.00000e+00 
1.21102e-02 8.76949e+09  -8.76839e+09 0.00000e+00 
1.22462e-02 9.16926e+09  -9.16813e+09 0.00000e+00 
1.23822e-02 9.58251e+09  -9.58136e+09 0.00000e+00 
1.25181e-02 1.00096e+10  -1.00084e+10 0.00000e+00 
1.26541e-02 1.04507e+10  -1.04495e+10 0.00000e+00 
1.27901e-02 1.09062e+10  -1.09050e+10 0.00000e+00 
1.29260e-02 1.13765e+10  -1.13752e+10 0.00000e+00 
1.30620e-02 1.18618e+10  -1.18605e+10 0.00000e+00 
1.31979e-02 1.23624e+10  -1.23611e+10 0.00000e+00 
1.33339e-02 1.28786e+10  -1.28773e+10 0.00000e+00 
1.34698e-02 1.34108e+10  -1.34095e+10 0.00000e+00 
1.36058e-02 1.39594e+10  -1.39580e+10 0.00000e+00 
1.37417e-02 1.45245e+10  -1.45231e+10 0.00000e+00 
1.38777e-02 1.51066e+10  -1.51052e+10 0.00000e+00 
1.40136e-02 1.57060e+10  -1.57046e+10 0.00000e+00 
1.41496e-02 1.63231e+10  -1.63216e+10 0.00000e+00 
1.42855e-02 1.69581e+10  -1.69565e+10 0.00000e+00 
1.44214e-02 1.76114e+10  -1.76098e+10 0.00000e+00 
1.45574e-02 1.82834e+10  -1.82818e+10 0.00000e+00 
1.46933e-02 1.89744e+10  -1.89727e+10 0.00000e+00 
1.48292e-02 1.96847e+10  -1.96831e+10 0.00000e+00 
1.49651e-02 2.04148e+10  -2.04131e+10 0.00000e+00 
1.51011e-02 2.11649e+10  -2.11632e+10 0.00000e+00 
1.52370e-02 2.19355e+10  -2.19338e+10 0.00000e+00 
1.53729e-02 2.27270e+10  -2.27252e+10 0.00000e+00 
1.55088e-02 2.35395e+10  -2.35377e+10 0.00000e+00 
1.56447e-02 2.43737e+10  -2.43719e+10 0.00000e+00 
1.57807e-02 2.52298e+10  -2.52279e+10 0.00000e+00 
1.59166e-02 2.61081e+10  -2.61063e+10 0.00000e+00 
1.60525e-02 2.70092e+10  -2.70073e+10 0.00000e+00 
1.61884e-02 2.79334e+10  -2.79314e+10 0.00000e+00 
1.63243e-02 2.88810e+10  -2.88790e+10 0.00000e+00 
1.64602e-02 2.98524e+10  -2.98504e+10 0.00000e+00 
1.65961e-02 3.08482e+10  -3.08461e+10 0.00000e+00 
1.67320e-02 3.18685e+10  -3.18664e+10 0.00000e+00 
1.68679e-02 3.29139e+10  -3.29118e+10 0.00000e+00 
1.70038e-02 3.39848e+10  -3.39826e+10 0.00000e+00 
1.71397e-02 3.50815e+10  -3.50793e+10 0.00000e+00 
1.72756e-02 3.62045e+10  -3.62023e+10 0.00000e+00 
1.74114e-02 3.73542e+10  -3.73520e+10 0.00000e+00 
1.75473e-02 3.85310e+10  -3.85287e+10 0.00000e+00 
1.76832e-02 3.97353e+10  -3.97330e+10 0.00000e+00 
1.78191e-02 4.09676e+10  -4.09652e+10 0.00000e+00 
1.79550e-02 4.22282e+10  -4.22258e+10 0.00000e+00 
1.80908e-02 4.35176e+10  -4.35152e+10 0.00000e+00 
1.82267e-02 4.48363e+10  -4.48338e+10 0.00000e+00 
1.83626e-02 4.61847e+10  -4.61821e+10 0.00000e+00 
1.84985e-02 4.75631e+10  -4.75606e+10 0.00000e+00 
1.86343e-02 4.89721e+10  -4.89695e+10 0.00000e+00 
1.87702e-02 5.04121e+10  -5.04095e+10 0.00000e+00 
1.89060e-02 5.18836e+10  -5.18809e+10 0.00000e+00 
1.90419e-02 5.33869e+10  -5.33842e+10 0.00000e+00 
1.91778e-02 5.49226e+10  -5.49199e+10 0.00000e+00 
1.93136e-02 5.64911e+10  -5.64883e+10 0.00000e+00 
1.94495e-02 5.80929e+10  -5.80901e+10 0.00000e+00 
1.95853e-02 5.97284e+10  -5.97255e+10 0.00000e+00 
1.97212e-02 6.13981e+10  -6.13952e+10 0.00000e+00 
1.98570e-02 6.31025e+10  -6.30996e+10 0.00000e+00 
1.99929e-02 6.48421e+10  -6.48391e+10 0.00000e+00 
2.01287e-02 6.66172e+10  -6.66142e+10 0.00000e+00 
2.02645e-02 6.84285e+10  -6.84254e+10 0.00000e+00 
2.04004e-02 7.02763e+10  -7.02732e+10 0.00000e+00 
2.05362e-02 7.21613e+10  -7.21581e+10 0.00000e+00 
2.06721e-02 7.40838e+10  -7.40806e+10 0.00000e+00 
2.08079e-02 7.60443e+10  -7.60411e+10 0.00000e+00 
2.09437e-02 7.80434e+10  -7.80401e+10 0.00000e+00 
2.10795e-02 8.00815e+10  -8.00782e+10 0.00000e+00 
2.12154e-02 8.21592e+10  -8.21559e+10 0.00000e+00 
2.13512e-02 8.42770e+10  -8.42736e+10 0.00000e+00 
2.14870e-02 8.64353e+10  -8.64318e+10 0.00000e+00 
2.16228e-02 8.86347e+10  -8.86312e+10 0.00000e+00 
2.17586e-02 9.08756e+10  -9.08721e+10 0.00000e+00 
2.18945e-02 9.31587e+10  -9.31551e+10 0.00000e+00 
2.20303e-02 9.54844e+10  -9.54808e+10 0.00000e+00 
2.21661e-02 9.78533e+10  -9.78496e+10 0.00000e+00 
2.23019e-02 1.00266e+11  -1.00262e+11 0.00000e+00 
2.24377e-02 1.02723e+11  -1.02719e+11 0.00000e+00 
2.25735e-02 1.05224e+11  -1.05220e+11 0.00000e+00 
2.27093e-02 1.07771e+11  -1.07767e+11 0.00000e+00 
2.28451e-02 1.10363e+11  -1.10359e+11 0.00000e+00 
2.29809e-02 1.13002e+11  -1.12998e+11 0.00000e+00 
2.31167e-02 1.15688e+11  -1.15684e+11 0.00000e+00 
2.32525e-02 1.18421e+11  -1.18417e+11 0.00000e+00 
2.33883e-02 1.21202e+11  -1.21198e+11 0.00000e+00 
2.35241e-02 1.24032e+11  -1.24028e+11 0.00000e+00 
2.36598e-02 1.26911e+11  -1.26907e+11 0.00000e+00 
2.37956e-02 1.29840e+11  -1.29836e+11 0.00000e+00 
2.39314e-02 1.32819e+11  -1.32814e+11 0.00000e+00 
2.40672e-02 1.35848e+11  -1.35844e+11 0.00000e+00 
2.42030e-02 1.38929e+11  -1.38925e+11 0.00000e+00 
2.43387e-02 1.42062e+11  -1.42058e+11 0.00000e+00 
2.44745e-02 1.45248e+11  -1.45243e+11 0.00000e+00 
2.46103e-02 1.48486e+11  -1.48482e+11 0.00000e+00 
2.47460e-02 1.51778e+11  -1.51774e+11 0.00000e+00 
2.48818e-02 1.55125e+11  -1.55120e+11 0.00000e+00 
2.50176e-02 1.58526e+11  -1.58522e+11 0.00000e+00 
2.51533e-02 1.61983e+11  -1.61978e+11 0.00000e+00 
2.52891e-02 1.65496e+11  -1.65491e+11 0.00000e+00 
2.54249e-02 1.69065e+11  -1.69061e+11 0.00000e+00 
2.55606e-02 1.72692e+11  -1.72687e+11 0.00000e+00 
2.56964e-02 1.76377e+11  -1.76372e+11 0.00000e+00 
2.58321e-02 1.80120e+11  -1.80115e+11 0.00000e+00 
2.59679e-02 1.83922e+11  -1.83917e+11 0.00000e+00 
2.61036e-02 1.87783e+11  -1.87778e+11 0.00000e+00 
2.62393e-02 1.91705e+11  -1.91700e+11 0.00000e+00 
2.63751e-02 1.95688e+11  -1.95683e+11 0.00000e+00 
2.65108e-02 1.99733e+11  -1.99727e+11 0.00000e+00 
2.66466e-02 2.03839e+11  -2.03834e+11 0.00000e+00 
2.67823e-02 2.08009e+11  -2.08003e+11 0.00000e+00 
2.69180e-02 2.12241e+11  -2.12236e+11 0.00000e+00 
2.70538e-02 2.16538e+11  -2.16533e+11 0.00000e+00 
2.71895e-02 2.20900e+11  -2.20894e+11 0.00000e+00 
2.73252e-02 2.25326e+11  -2.25321e+11 0.00000e+00 
2.74609e-02 2.29819e+11  -2.29814e+11 0.00000e+00 
2.75967e-02 2.34379e+11  -2.34373e+11 0.00000e+00 
2.77324e-02 2.39005e+11  -2.39000e+11 0.00000e+00 
2.78681e-02 2.43700e+11  -2.43694e+11 0.00000e+00 
2.80038e-02 2.48463e+11  -2.48457e+11 0.00000e+00 
2.81395e-02 2.53295e+11  -2.53289e+11 0.00000e+00 
2.82752e-02 2.58197e+11  -2.58192e+11 0.00000e+00 
2.84109e-02 2.63170e+11  -2.63164e+11 0.00000e+00 
2.85467e-02 2.68214e+11  -2.68208e+11 0.00000e+00 
2.86824e-02 2.73330e+11  -2.73324e+11 0.00000e+00 
2.88181e-02 2.78518e+11  -2.78512e+11 0.00000e+00 
2.89538e-02 2.83780e+11  -2.83774e+11 0.00000e+00 
2.90895e-02 2.89116e+11  -2.89109e+11 0.00000e+00 
2.92252e-02 2.94526e+11  -2.94520e+11 0.00000e+00 
2.93608e-02 3.00011e+11  -3.00005e+11 0.00000e+00 
2.94965e-02 3.05573e+11  -3.05566e+11 0.00000e+00 
2.96322e-02 3.11211e+11  -3.11204e+11 0.00000e+00 
2.97679e-02 3.16926e+11  -3.16920e+11 0.00000e+00 
2.99036e-02 3.22720e+11  -3.22713e+11 0.00000e+00 
3.00393e-02 3.28592e+11  -3.28585e+11 0.00000e+00 
3.01750e-02 3.34544e+11  -3.34537e+11 0.00000e+00 
3.03106e-02 3.40576e+11  -3.40569e+11 0.00000e+00 
3.04463e-02 3.46688e+11  -3.46682e+11 0.00000e+00 
3.05820e-02 3.52883e+11  -3.52876e+11 0.00000e+00 
3.07177e-02 3.59159e+11  -3.59152e+11 0.00000e+00 
3.08533e-02 3.65519e+11  -3.65512e+11 0.00000e+00 
3.09890e-02 3.71962e+11  -3.71955e+11 0.00000e+00 
3.11247e-02 3.78490e+11  -3.78483e+11 0.00000e+00 
3.12603e-02 3.85103e+11  -3.85096e+11 0.00000e+00 
3.13960e-02 3.91802e+11  -3.91795e+11 0.00000e+00 
3.15316e-02 3.98588e+11  -3.98581e+11 0.00000e+00 
3.16673e-02 4.05461e+11  -4.05454e+11 0.00000e+00 
3.18029e-02 4.12422e+11  -4.12415e+11 0.00000e+00 
3.19386e-02 4.19472e+11  -4.19465e+11 0.00000e+00 
3.20742e-02 4.26612e+11  -4.26604e+11 0.00000e+00 
3.22099e-02 4.33842e+11  -4.33834e+11 0.00000e+00 
3.23455e-02 4.41163e+11  -4.41155e+11 0.00000e+00 
3.24812e-02 4.48576e+11  -4.48568e+11 0.00000e+00 
3.26168e-02 4.56082e+11  -4.56074e+11 0.00000e+00 
3.27525e-02 4.63681e+11  -4.63673e+11 0.00000e+00 
3.28881e-02 4.71374e+11  -4.71366e+11 0.00000e+00 
3.30237e-02 4.79162e+11  -4.79154e+11 0.00000e+00 
3.31594e-02 4.87046e+11  -4.87038e+11 0.00000e+00 
3.32950e-02 4.95026e+11  -4.95018e+11 0.00000e+00 
3.34306e-02 5.03104e+11  -5.03096e+11 0.00000e+00 
3.35662e-02 5.11279e+11  -5.11271e+11 0.00000e+00 
3.37019e-02 5.19554e+11  -5.19545e+11 0.00000e+00 
3.38375e-02 5.27928e+11  -5.27919e+11 0.00000e+00 
3.39731e-02 5.36402e+11  -5.36394e+11 0.00000e+00 
3.41087e-02 5.44977e+11  -5.44969e+11 0.00000e+00 
3.42443e-02 5.53655e+11  -5.53646e+11 0.00000e+00 
3.43800e-02 5.62435e+11  -5.62426e+11 0.00000e+00 
3.45156e-02 5.71319e+11  -5.71310e+11 0.00000e+00 
3.46512e-02 5.80307e+11  -5.80298e+11 0.00000e+00 
3.47868e-02 5.89400e+11  -5.89391e+11 0.00000e+00 
3.49224e-02 5.98599e+11  -5.98590e+11 0.00000e+00 
3.50580e-02 6.07905e+11  -6.07896e+11 0.00000e+00 
3.51936e-02 6.17318e+11  -6.17309e+11 0.00000e+00 
3.53292e-02 6.26840e+11  -6.26831e+11 0.00000e+00 
3.54648e-02 6.36471e+11  -6.36462e+11 0.00000e+00 
3.56004e-02 6.46212e+11  -6.46203e+11 0.00000e+00 
3.57360e-02 6.56064e+11  -6.56055e+11 0.00000e+00 
3.58715e-02 6.66028e+11  -6.66019e+11 0.00000e+00 
3.60071e-02 6.76104e+11  -6.76095e+11 0.00000e+00 
3.61427e-02 6.86294e+11  -6.86284e+11 0.00000e+00 
3.62783e-02 6.96598e+11  -6.96588e+11 0.00000e+00 
3.64139e-02 7.07016e+11  -7.07007e+11 0.00000e+00 
3.65495e-02 7.17551e+11  -7.17541e+11 0.00000e+00 
3.66850e-02 7.28203e+11  -7.28193e+11 0.00000e+00 
3.68206e-02 7.38971e+11  -7.38962e+11 0.00000e+00 
3.69562e-02 7.49859e+11  -7.49849e+11 0.00000e+00 
3.70917e-02 7.60866e+11  -7.60855e+11 0.00000e+00 
3.72273e-02 7.71992e+11  -7.71982e+11 0.00000e+00 
3.73629e-02 7.83240e+11  -7.83230e+11 0.00000e+00 
3.74984e-02 7.94610e+11  -7.94600e+11 0.00000e+00 
3.76340e-02 8.06102e+11  -8.06092e+11 0.00000e+00 
3.77696e-02 8.17718e+11  -8.17708e+11 0.00000e+00 
3.79051e-02 8.29459e+11  -8.29448e+11 0.00000e+00 
3.80407e-02 8.41324e+11  -8.41314e+11 0.00000e+00 
3.81762e-02 8.53316e+11  -8.53306e+11 0.00000e+00 
3.83118e-02 8.65435e+11  -8.65425e+11 0.00000e+00 
3.84473e-02 8.77683e+11  -8.77672e+11 0.00000e+00 
3.85829e-02 8.90058e+11  -8.90048e+11 0.00000e+00 
3.87184e-02 9.02564e+11  -9.02553e+11 0.00000e+00 
3.88539e-02 9.15201e+11  -9.15189e+11 0.00000e+00 
3.89895e-02 9.27968e+11  -9.27957e+11 0.00000e+00 
3.91250e-02 9.40869e+11  -9.40858e+11 0.00000e+00 
3.92605e-02 9.53902e+11  -9.53891e+11 0.00000e+00 
3.93961e-02 9.67070e+11  -9.67059e+11 0.00000e+00 
3.95316e-02 9.80373e+11  -9.80362e+11 0.00000e+00 
3.96671e-02 9.93813e+11  -9.93801e+11 0.00000e+00 
3.98027e-02 1.00739e+12  -1.00738e+12 0.00000e+00 
3.99382e-02 1.02110e+12  -1.02109e+12 0.00000e+00 
4.00737e-02 1.03496e+12  -1.03494e+12 0.00000e+00 
4.02092e-02 1.04895e+12  -1.04894e+12 0.00000e+00 
4.03447e-02 1.06308e+12  -1.06307e+12 0.00000e+00 
4.04803e-02 1.07736e+12  -1.07734e+12 0.00000e+00 
4.06158e-02 1.09177e+12  -1.09176e+12 0.00000e+00 
4.07513e-02 1.10633e+12  -1.10632e+12 0.00000e+00 
4.08868e-02 1.12104e+12  -1.12103e+12 0.00000e+00 
4.10223e-02 1.13589e+12  -1.13588e+12 0.00000e+00 
4.11578e-02 1.15089e+12  -1.15087e+12 0.00000e+00 
4.12933e-02 1.16603e+12  -1.16602e+12 0.00000e+00 
4.14288e-02 1.18132e+12  -1.18131e+12 0.00000e+00 
4.15643e-02 1.19676e+12  -1.19675e+12 0.00000e+00 
4.16998e-02 1.21235e+12  -1.21234e+12 0.00000e+00 
4.18353e-02 1.22810e+12  -1.22808e+12 0.00000e+00 
4.19708e-02 1.24399e+12  -1.24398e+12 0.00000e+00 
4.21063e-02 1.26004e+12  -1.26003e+12 0.00000e+00 
4.22417e-02 1.27624e+12  -1.27623e+12 0.00000e+00 
4.23772e-02 1.29260e+12  -1.29258e+12 0.00000e+00 
4.25127e-02 1.30911e+12  -1.30909e+12 0.00000e+00 
4.26482e-02 1.32578e+12  -1.32576e+12 0.00000e+00 
4.27837e-02 1.34260e+12  -1.34259e+12 0.00000e+00 
4.29191e-02 1.35959e+12  -1.35957e+12 0.00000e+00 
4.30546e-02 1.37673e+12  -1.37672e+12 0.00000e+00 
4.31901e-02 1.39404e+12  -1.39402e+12 0.00000e+00 
4.33256e-02 1.41150e+12  -1.41149e+12 0.00000e+00 
4.34610e-02 1.42913e+12  -1.42912e+12 0.00000e+00 
4.35965e-02 1.44693e+12  -1.44691e+12 0.00000e+00 
4.37319e-02 1.46489e+12  -1.46487e+12 0.00000e+00 
4.38674e-02 1.48301e+12  -1.48300e+12 0.00000e+00 
4.40029e-02 1.50130e+12  -1.50129e+12 0.00000e+00 
4.41383e-02 1.51976e+12  -1.51975e+12 0.00000e+00 
4.42738e-02 1.53839e+12  -1.53837e+12 0.00000e+00 
4.44092e-02 1.55718e+12  -1.55717e+12 0.00000e+00 
4.45447e-02 1.57615e+12  -1.57614e+12 0.00000e+00 
4.46801e-02 1.59529e+12  -1.59528e+12 0.00000e+00 
4.48156e-02 1.61460e+12  -1.61459e+12 0.00000e+00 
4.49510e-02 1.63409e+12  -1.63407e+12 0.00000e+00 
4.50864e-02 1.65375e+12  -1.65373e+12 0.00000e+00 
4.52219e-02 1.67359e+12  -1.67357e+12 0.00000e+00 
4.53573e-02 1.69360e+12  -1.69358e+12 0.00000e+00 
4.54928e-02 1.71379e+12  -1.71377e+12 0.00000e+00 
4.56282e-02 1.73416e+12  -1.73414e+12 0.00000e+00 
4.57636e-02 1.75471e+12  -1.75469e+12 0.00000e+00 
4.58990e-02 1.77544e+12  -1.77543e+12 0.00000e+00 
4.60345e-02 1.79635e+12  -1.79634e+12 0.00000e+00 
4.61699e-02 1.81745e+12  -1.81743e+12 0.00000e+00 
4.63053e-02 1.83873e+12  -1.83872e+12 0.00000e+00 
4.64407e-02 1.86020e+12  -1.86018e+12 0.00000e+00 
4.65761e-02 1.88185e+12  -1.88183e+12 0.00000e+00 
4.67116e-02 1.90369e+12  -1.90367e+12 0.00000e+00 
4.68470e-02 1.92571e+12  -1.92570e+12 0.00000e+00 
4.69824e-02 1.94793e+12  -1.94792e+12 0.00000e+00 
4.71178e-02 1.97034e+12  -1.97032e+12 0.00000e+00 
4.72532e-02 1.99294e+12  -1.99292e+12 0.00000e+00 
4.73886e-02 2.01573e+12  -2.01571e+12 0.00000e+00 
4.75240e-02 2.03872e+12  -2.03870e+12 0.00000e+00 
4.76594e-02 2.06190e+12  -2.06188e+12 0.00000e+00 
4.77948e-02 2.08527e+12  -2.08525e+12 0.00000e+00 
4.79302e-02 2.10884e+12  -2.10883e+12 0.00000e+00 
4.80656e-02 2.13262e+12  -2.13260e+12 0.00000e+00 
4.82010e-02 2.15659e+12  -2.15657e+12 0.00000e+00 
4.83364e-02 2.18076e+12  -2.18074e+12 0.00000e+00 
4.84718e-02 2.20513e+12  -2.20511e+12 0.00000e+00 
4.86071e-02 2.22970e+12  -2.22968e+12 0.00000e+00 
4.87425e-02 2.25448e+12  -2.25446e+12 0.00000e+00 
4.88779e-02 2.27946e+12  -2.27944e+12 0.00000e+00 
4.90133e-02 2.30465e+12  -2.30463e+12 0.00000e+00 
4.91487e-02 2.33004e+12  -2.33003e+12 0.00000e+00 
4.92840e-02 2.35565e+12  -2.35563e+12 0.00000e+00 
4.94194e-02 2.38146e+12  -2.38144e+12 0.00000e+00 
4.95548e-02 2.40748e+12  -2.40746e+12 0.00000e+00 
4.96901e-02 2.43371e+12  -2.43370e+12 0.00000e+00 
4.98255e-02 2.46016e+12  -2.46014e+12 0.00000e+00 
4.99609e-02 2.48682e+12  -2.48680e+12 0.00000e+00 
5.00962e-02 2.51369e+12  -2.51367e+12 0.00000e+00 
5.02316e-02 2.54078e+12  -2.54076e+12 0.00000e+00 
5.03669e-02 2.56809e+12  -2.56807e+12 0.00000e+00 
5.05023e-02 2.59561e+12  -2.59559e+12 0.00000e+00 
5.06376e-02 2.62336e+12  -2.62334e+12 0.00000e+00 
5.07730e-02 2.65132e+12  -2.65130e+12 0.00000e+00 
5.09083e-02 2.67951e+12  -2.67949e+12 0.00000e+00 
5.10437e-02 2.70792e+12  -2.70790e+12 0.00000e+00 
5.11790e-02 2.73655e+12  -2.73653e+12 0.00000e+00 
5.13144e-02 2.76540e+12  -2.76539e+12 0.00000e+00 
5.14497e-02 2.79449e+12  -2.79447e+12 0.00000e+00 
5.15850e-02 2.82380e+12  -2.82378e+12 0.00000e+00 
5.17204e-02 2.85334e+12  -2.85332e+12 0.00000e+00 
5.18557e-02 2.88310e+12  -2.88309e+12 0.00000e+00 
5.19910e-02 2.91310e+12  -2.91308e+12 0.00000e+00 
5.21264e-02 2.94333e+12  -2.94332e+12 0.00000e+00 
5.22617e-02 2.97380e+12  -2.97378e+12 0.00000e+00 
5.23970e-02 3.00450e+12  -3.00448e+12 0.00000e+00 
5.25323e-02 3.03543e+12  -3.03541e+12 0.00000e+00 
5.26677e-02 3.06660e+12  -3.06658e+12 0.00000e+00 
5.28030e-02 3.09801e+12  -3.09799e+12 0.00000e+00 
5.29383e-02 3.12966e+12  -3.12964e+12 0.00000e+00 
5.30736e-02 3.16154e+12  -3.16152e+12 0.00000e+00 
5.32089e-02 3.19367e+12  -3.19365e+12 0.00000e+00 
5.33442e-02 3.22604e+12  -3.22602e+12 0.00000e+00 
5.34795e-02 3.25866e+12  -3.25864e+12 0.00000e+00 
5.36148e-02 3.29152e+12  -3.29150e+12 0.00000e+00 
5.37501e-02 3.32462e+12  -3.32460e+12 0.00000e+00 
5.38854e-02 3.35798e+12  -3.35796e+12 0.00000e+00 
5.40207e-02 3.39158e+12  -3.39156e+12 0.00000e+00 
5.41560e-02 3.42543e+12  -3.42541e+12 0.00000e+00 
5.42913e-02 3.45953e+12  -3.45951e+12 0.00000e+00 
5.44266e-02 3.49389e+12  -3.49387e+12 0.00000e+00 
5.45619e-02 3.52850e+12  -3.52848e+12 0.00000e+00 
5.46972e-02 3.56336e+12  -3.56334e+12 0.00000e+00 
5.48325e-02 3.59848e+12  -3.59846e+12 0.00000e+00 
5.49677e-02 3.63386e+12  -3.63383e+12 0.00000e+00 
5.51030e-02 3.66949e+12  -3.66947e+12 0.00000e+00 
5.52383e-02 3.70538e+12  -3.70536e+12 0.00000e+00 
5.53736e-02 3.74154e+12  -3.74152e+12 0.00000e+00 
5.55089e-02 3.77795e+12  -3.77793e+12 0.00000e+00 
5.56441e-02 3.81463e+12  -3.81461e+12 0.00000e+00 
5.57794e-02 3.85158e+12  -3.85156e+12 0.00000e+00 
5.59147e-02 3.88879e+12  -3.88877e+12 0.00000e+00 
5.60499e-02 3.92627e+12  -3.92624e+12 0.00000e+00 
5.61852e-02 3.96401e+12  -3.96399e+12 0.00000e+00 
5.63205e-02 4.00203e+12  -4.00200e+12 0.00000e+00 
5.64557e-02 4.04031e+12  -4.04029e+12 0.00000e+00 
5.65910e-02 4.07887e+12  -4.07885e+12 0.00000e+00 
5.67262e-02 4.11770e+12  -4.11768e+12 0.00000e+00 
5.68615e-02 4.15681e+12  -4.15678e+12 0.00000e+00 
5.69967e-02 4.19619e+12  -4.19616e+12 0.00000e+00 
5.71320e-02 4.23585e+12  -4.23582e+12 0.00000e+00 
5.72672e-02 4.27578e+12  -4.27576e+12 0.00000e+00 
5.74025e-02 4.31600e+12  -4.31597e+12 0.00000e+00 
5.75377e-02 4.35650e+12  -4.35647e+12 0.00000e+00 
5.76729e-02 4.39727e+12  -4.39725e+12 0.00000e+00 
5.78082e-02 4.43834e+12  -4.43831e+12 0.00000e+00 
5.79434e-02 4.47969e+12  -4.47966e+12 0.00000e+00 
5.80787e-02 4.52132e+12  -4.52129e+12 0.00000e+00 
5.82139e-02 4.56324e+12  -4.56322e+12 0.00000e+00 
5.83491e-02 4.60545e+12  -4.60543e+12 0.00000e+00 
5.84843e-02 4.64795e+12  -4.64792e+12 0.00000e+00 
5.86196e-02 4.69074e+12  -4.69072e+12 0.00000e+00 
5.87548e-02 4.73382e+12  -4.73380e+12 0.00000e+00 
5.88900e-02 4.77720e+12  -4.77718e+12 0.00000e+00 
5.90252e-02 4.82087e+12  -4.82085e+12 0.00000e+00 
5.91604e-02 4.86484e+12  -4.86482e+12 0.00000e+00 
5.92956e-02 4.90911e+12  -4.90908e+12 0.00000e+00 
5.94309e-02 4.95367e+12  -4.95365e+12 0.00000e+00 
5.95661e-02 4.99854e+12  -4.99851e+12 0.00000e+00 
5.97013e-02 5.04371e+12  -5.04368e+12 0.00000e+00 
5.98365e-02 5.08918e+12  -5.08915e+12 0.00000e+00 
5.99717e-02 5.13495e+12  -5.13493e+12 0.00000e+00 
6.01069e-02 5.18103e+12  -5.18101e+12 0.00000e+00 
6.02421e-02 5.22742e+12  -5.22739e+12 0.00000e+00 
6.03773e-02 5.27412e+12  -5.27409e+12 0.00000e+00 
6.05125e-02 5.32112e+12  -5.32110e+12 0.00000e+00 
6.06477e-02 5.36844e+12  -5.36841e+12 0.00000e+00 
6.07829e-02 5.41607e+12  -5.41604e+12 0.00000e+00 
6.09180e-02 5.46401e+12  -5.46398e+12 0.00000e+00 
6.10532e-02 5.51227e+12  -5.51224e+12 0.00000e+00 
6.11884e-02 5.56084e+12  -5.56082e+12 0.00000e+00 
6.13236e-02 5.60974e+12  -5.60971e+12 0.00000e+00 
6.14588e-02 5.65895e+12  -5.65892e+12 0.00000e+00 
6.15940e-02 5.70848e+12  -5.70845e+12 0.00000e+00 
6.17291e-02 5.75833e+12  -5.75830e+12 0.00000e+00 
6.18643e-02 5.80851e+12  -5.80848e+12 0.00000e+00 
6.19995e-02 5.85901e+12  -5.85898e+12 0.00000e+00 
6.21346e-02 5.90984e+12  -5.90981e+12 0.00000e+00 
6.22698e-02 5.96099e+12  -5.96096e+12 0.00000e+00 
6.24050e-02 6.01247e+12  -6.01245e+12 0.00000e+00 
6.25401e-02 6.06429e+12  -6.06426e+12 0.00000e+00 
6.26753e-02 6.11643e+12  -6.11640e+12 0.00000e+00 
6.28104e-02 6.16891e+12  -6.16888e+12 0.00000e+00 
6.29456e-02 6.22172e+12  -6.22169e+12 0.00000e+00 
6.30808e-02 6.27487e+12  -6.27484e+12 0.00000e+00 
6.32159e-02 6.32835e+12  -6.32832e+12 0.00000e+00 
6.33511e-02 6.38218e+12  -6.38215e+12 0.00000e+00 
6.34862e-02 6.43634e+12  -6.43631e+12 0.00000e+00 
6.36213e-02 6.49084e+12  -6.49081e+12 0.00000e+00 
6.37565e-02 6.54569e+12  -6.54566e+12 0.00000e+00 
6.38916e-02 6.60088e+12  -6.60085e+12 0.00000e+00 
6.40268e-02 6.65641e+12  -6.65638e+12 0.00000e+00 
6.41619e-02 6.71230e+12  -6.71227e+12 0.00000e+00 
6.42970e-02 6.76853e+12  -6.76850e+12 0.00000e+00 
6.44322e-02 6.82511e+12  -6.82508e+12 0.00000e+00 
6.45673e-02 6.88204e+12  -6.88201e+12 0.00000e+00 
6.47024e-02 6.93932e+12  -6.93929e+12 0.00000e+00 
6.48376e-02 6.99696e+12  -6.99693e+12 0.00000e+00 
6.49727e-02 7.05495e+12  -7.05492e+12 0.00000e+00 
6.51078e-02 7.11330e+12  -7.11327e+12 0.00000e+00 
6.52429e-02 7.17201e+12  -7.17198e+12 0.00000e+00 
6.53780e-02 7.23107e+12  -7.23104e+12 0.00000e+00 
6.55131e-02 7.29050e+12  -7.29047e+12 0.00000e+00 
6.56483e-02 7.35029e+12  -7.35026e+12 0.00000e+00 
6.57834e-02 7.41045e+12  -7.41042e+12 0.00000e+00 
6.59185e-02 7.47097e+12  -7.47093e+12 0.00000e+00 
6.60536e-02 7.53185e+12  -7.53182e+12 0.00000e+00 
6.61887e-02 7.59311e+12  -7.59308e+12 0.00000e+00 
6.63238e-02 7.65473e+12  -7.65470e+12 0.00000e+00 
6.64589e-02 7.71673e+12  -7.71669e+12 0.00000e+00 
6.65940e-02 7.77909e+12  -7.77906e+12 0.00000e+00 
6.67291e-02 7.84184e+12  -7.84180e+12 0.00000e+00 
6.68642e-02 7.90495e+12  -7.90492e+12 0.00000e+00 
6.69993e-02 7.96845e+12  -7.96842e+12 0.00000e+00 
6.71344e-02 8.03232e+12  -8.03229e+12 0.00000e+00 
6.72694e-02 8.09657e+12  -8.09654e+12 0.00000e+00 
6.74045e-02 8.16121e+12  -8.16117e+12 0.00000e+00 
6.75396e-02 8.22622e+12  -8.22619e+12 0.00000e+00 
6.76747e-02 8.29162e+12  -8.29159e+12 0.00000e+00 
6.78098e-02 8.35741e+12  -8.35738e+12 0.00000e+00 
6.79448e-02 8.42358e+12  -8.42355e+12 0.00000e+00 
6.80799e-02 8.49015e+12  -8.49011e+12 0.00000e+00 
6.82150e-02 8.55710e+12  -8.55707e+12 0.00000e+00 
6.83501e-02 8.62444e+12  -8.62441e+12 0.00000e+00 
6.84851e-02 8.69218e+12  -8.69215e+12 0.00000e+00 
6.86202e-02 8.76031e+12  -8.76028e+12 0.00000e+00 
6.87553e-02 8.82884e+12  -8.82881e+12 0.00000e+00 
6.88903e-02 8.89777e+12  -8.89774e+12 0.00000e+00 
6.90254e-02 8.96709e+12  -8.96706e+12 0.00000e+00 
6.91604e-02 9.03682e+12  -9.03679e+12 0.00000e+00 
6.92955e-02 9.10695e+12  -9.10692e+12 0.00000e+00 
6.94305e-02 9.17748e+12  -9.17745e+12 0.00000e+00 
6.95656e-02 9.24842e+12  -9.24838e+12 0.00000e+00 
6.97006e-02 9.31976e+12  -9.31973e+12 0.00000e+00 
6.98357e-02 9.39152e+12  -9.39148e+12 0.00000e+00 
6.99707e-02 9.46368e+12  -9.46364e+12 0.00000e+00 
7.01058e-02 9.53625e+12  -9.53622e+12 0.00000e+00 
7.02408e-02 9.60924e+12  -9.60920e+12 0.00000e+00 
7.03758e-02 9.68264e+12  -9.68260e+12 0.00000e+00 
7.05109e-02 9.75645e+12  -9.75642e+12 0.00000e+00 
7.06459e-02 9.83069e+12  -9.83065e+12 0.00000e+00 
7.07809e-02 9.90534e+12  -9.90530e+12 0.00000e+00 
7.09160e-02 9.98041e+12  -9.98038e+12 0.00000e+00 
7.10510e-02 1.00559e+13  -1.00559e+13 0.00000e+00 
7.11860e-02 1.01318e+13  -1.01318e+13 0.00000e+00 
7.13211e-02 1.02082e+13  -1.02081e+13 0.00000e+00 
7.14561e-02 1.02849e+13  -1.02849e+13 0.00000e+00 
7.15911e-02 1.03621e+13  -1.03621e+13 0.00000e+00 
7.17261e-02 1.04398e+13  -1.04397e+13 0.00000e+00 
7.18611e-02 1.05178e+13  -1.05178e+13 0.00000e+00 
7.19961e-02 1.05963e+13  -1.05963e+13 0.00000e+00 
7.21311e-02 1.06752e+13  -1.06752e+13 0.00000e+00 
7.22662e-02 1.07546e+13  -1.07546e+13 0.00000e+00 
7.24012e-02 1.08344e+13  -1.08344e+13 0.00000e+00 
7.25362e-02 1.09146e+13  -1.09146e+13 0.00000e+00 
7.26712e-02 1.09953e+13  -1.09953e+13 0.00000e+00 
7.28062e-02 1.10765e+13  -1.10764e+13 0.00000e+00 
7.29412e-02 1.11580e+13  -1.11580e+13 0.00000e+00 
7.30762e-02 1.12400e+13  -1.12400e+13 0.00000e+00 
7.32111e-02 1.13225e+13  -1.13224e+13 0.00000e+00 
7.33461e-02 1.14054e+13  -1.14054e+13 0.00000e+00 
7.34811e-02 1.14888e+13  -1.14887e+13 0.00000e+00 
7.36161e-02 1.15726e+13  -1.15725e+13 0.00000e+00 
7.37511e-02 1.16568e+13  -1.16568e+13 0.00000e+00 
7.38861e-02 1.17415e+13  -1.17415e+13 0.00000e+00 
7.40211e-02 1.18267e+13  -1.18267e+13 0.00000e+00 
7.41560e-02 1.19123e+13  -1.19123e+13 0.00000e+00 
7.42910e-02 1.19984e+13  -1.19984e+13 0.00000e+00 
7.44260e-02 1.20850e+13  -1.20850e+13 0.00000e+00 
7.45610e-02 1.21720e+13  -1.21720e+13 0.00000e+00 
7.46959e-02 1.22595e+13  -1.22594e+13 0.00000e+00 
7.48309e-02 1.23474e+13  -1.23474e+13 0.00000e+00 
7.49659e-02 1.24358e+13  -1.24358e+13 0.00000e+00 
7.51008e-02 1.25247e+13  -1.25247e+13 0.00000e+00 
7.52358e-02 1.26141e+13  -1.26140e+13 0.00000e+00 
7.53707e-02 1.27039e+13  -1.27039e+13 0.00000e+00 
7.55057e-02 1.27942e+13  -1.27942e+13 0.00000e+00 
7.56406e-02 1.28850e+13  -1.28849e+13 0.00000e+00 
7.57756e-02 1.29762e+13  -1.29762e+13 0.00000e+00 
7.59105e-02 1.30680e+13  -1.30679e+13 0.00000e+00 
7.60455e-02 1.31602e+13  -1.31602e+13 0.00000e+00 
7.61804e-02 1.32529e+13  -1.32528e+13 0.00000e+00 
7.63154e-02 1.33461e+13  -1.33460e+13 0.00000e+00 
7.64503e-02 1.34397e+13  -1.34397e+13 0.00000e+00 
7.65853e-02 1.35339e+13  -1.35338e+13 0.00000e+00 
7.67202e-02 1.36285e+13  -1.36285e+13 0.00000e+00 
7.68551e-02 1.37237e+13  -1.37236e+13 0.00000e+00 
7.69901e-02 1.38193e+13  -1.38193e+13 0.00000e+00 
7.71250e-02 1.39154e+13  -1.39154e+13 0.00000e+00 
7.72599e-02 1.40120e+13  -1.40120e+13 0.00000e+00 
7.73949e-02 1.41091e+13  -1.41091e+13 0.00000e+00 
7.75298e-02 1.42067e+13  -1.42067e+13 0.00000e+00 
7.76647e-02 1.43049e+13  -1.43048e+13 0.00000e+00 
7.77996e-02 1.44035e+13  -1.44034e+13 0.00000e+00 
7.79345e-02 1.45026e+13  -1.45025e+13 0.00000e+00 
7.80695e-02 1.46022e+13  -1.46022e+13 0.00000e+00 
7.82044e-02 1.47023e+13  -1.47023e+13 0.00000e+00 
7.83393e-02 1.48030e+13  -1.48029e+13 0.00000e+00 
7.84742e-02 1.49041e+13  -1.49041e+13 0.00000e+00 
7.86091e-02 1.50058e+13  -1.50058e+13 0.00000e+00 
7.87440e-02 1.51080e+13  -1.51079e+13 0.00000e+00 
7.88789e-02 1.52107e+13  -1.52106e+13 0.00000e+00 
7.90138e-02 1.53139e+13  -1.53138e+13 0.00000e+00 
7.91487e-02 1.54176e+13  -1.54176e+13 0.00000e+00 
7.92836e-02 1.55218e+13  -1.55218e+13 0.00000e+00 
7.94185e-02 1.56266e+13  -1.56266e+13 0.00000e+00 
7.95534e-02 1.57319e+13  -1.57319e+13 0.00000e+00 
7.96883e-02 1.58377e+13  -1.58377e+13 0.00000e+00 
7.98232e-02 1.59441e+13  -1.59440e+13 0.00000e+00 
7.99581e-02 1.60510e+13  -1.60509e+13 0.00000e+00 
8.00929e-02 1.61584e+13  -1.61583e+13 0.00000e+00 
8.02278e-02 1.62663e+13  -1.62663e+13 0.00000e+00 
8.03627e-02 1.63748e+13  -1.63747e+13 0.00000e+00 
8.04976e-02 1.64838e+13  -1.64837e+13 0.00000e+00 
8.06325e-02 1.65933e+13  -1.65933e+13 0.00000e+00 
8.07673e-02 1.67034e+13  -1.67034e+13 0.00000e+00 
8.09022e-02 1.68141e+13  -1.68140e+13 0.00000e+00 
8.10371e-02 1.69252e+13  -1.69252e+13 0.00000e+00 
8.11719e-02 1.70369e+13  -1.70369e+13 0.00000e+00 
8.13068e-02 1.71492e+13  -1.71492e+13 0.00000e+00 
8.14417e-02 1.72620e+13  -1.72620e+13 0.00000e+00 
8.15765e-02 1.73754e+13  -1.73753e+13 0.00000e+00 
8.17114e-02 1.74893e+13  -1.74892e+13 0.00000e+00 
8.18462e-02 1.76038e+13  -1.76037e+13 0.00000e+00 
8.19811e-02 1.77188e+13  -1.77187e+13 0.00000e+00 
8.21159e-02 1.78344e+13  -1.78343e+13 0.00000e+00 
8.22508e-02 1.79505e+13  -1.79504e+13 0.00000e+00 
8.23856e-02 1.80672e+13  -1.80671e+13 0.00000e+00 
8.25205e-02 1.81844e+13  -1.81844e+13 0.00000e+00 
8.26553e-02 1.83023e+13  -1.83022e+13 0.00000e+00 
8.27902e-02 1.84207e+13  -1.84206e+13 0.00000e+00 
8.29250e-02 1.85396e+13  -1.85396e+13 0.00000e+00 
8.30599e-02 1.86591e+13  -1.86591e+13 0.00000e+00 
8.31947e-02 1.87792e+13  -1.87792e+13 0.00000e+00 
8.33295e-02 1.88999e+13  -1.88998e+13 0.00000e+00 
8.34644e-02 1.90211e+13  -1.90211e+13 0.00000e+00 
8.35992e-02 1.91430e+13  -1.91429e+13 0.00000e+00 
8.37340e-02 1.92654e+13  -1.92653e+13 0.00000e+00 
8.38688e-02 1.93883e+13  -1.93883e+13 0.00000e+00 
8.40037e-02 1.95119e+13  -1.95118e+13 0.00000e+00 
8.41385e-02 1.96360e+13  -1.96360e+13 0.00000e+00 
8.42733e-02 1.97607e+13  -1.97607e+13 0.00000e+00 
8.44081e-02 1.98861e+13  -1.98860e+13 0.00000e+00 
8.45429e-02 2.00120e+13  -2.00119e+13 0.00000e+00 
8.46777e-02 2.01384e+13  -2.01384e+13 0.00000e+00 
8.48125e-02 2.02655e+13  -2.02655e+13 0.00000e+00 
8.49474e-02 2.03932e+13  -2.03932e+13 0.00000e+00 
8.50822e-02 2.05215e+13  -2.05214e+13 0.00000e+00 
8.52170e-02 2.06503e+13  -2.06503e+13 0.00000e+00 
8.53518e-02 2.07798e+13  -2.07798e+13 0.00000e+00 
8.54866e-02 2.09099e+13  -2.09098e+13 0.00000e+00 
8.56214e-02 2.10406e+13  -2.10405e+13 0.00000e+00 
8.57562e-02 2.11718e+13  -2.11718e+13 0.00000e+00 
8.58909e-02 2.13037e+13  -2.13037e+13 0.00000e+00 
8.60257e-02 2.14362e+13  -2.14362e+13 0.00000e+00 
8.61605e-02 2.15693e+13  -2.15693e+13 0.00000e+00 
8.62953e-02 2.17030e+13  -2.17030e+13 0.00000e+00 
8.64301e-02 2.18374e+13  -2.18373e+13 0.00000e+00 
8.65649e-02 2.19723e+13  -2.19723e+13 0.00000e+00 
8.66997e-02 2.21079e+13  -2.21078e+13 0.00000e+00 
8.68344e-02 2.22440e+13  -2.22440e+13 0.00000e+00 
8.69692e-02 2.23809e+13  -2.23808e+13 0.00000e+00 
8.71040e-02 2.25183e+13  -2.25182e+13 0.00000e+00 
8.72388e-02 2.26563e+13  -2.26563e+13 0.00000e+00 
8.73735e-02 2.27950e+13  -2.27949e+13 0.00000e+00 
8.75083e-02 2.29343e+13  -2.29343e+13 0.00000e+00 
8.76431e-02 2.30742e+13  -2.30742e+13 0.00000e+00 
8.77778e-02 2.32148e+13  -2.32148e+13 0.00000e+00 
8.79126e-02 2.33560e+13  -2.33560e+13 0.00000e+00 
8.80473e-02 2.34978e+13  -2.34978e+13 0.00000e+00 
8.81821e-02 2.36403e+13  -2.36403e+13 0.00000e+00 
8.83168e-02 2.37834e+13  -2.37834e+13 0.00000e+00 
8.84516e-02 2.39272e+13  -2.39271e+13 0.00000e+00 
8.85864e-02 2.40716e+13  -2.40715e+13 0.00000e+00 
8.87211e-02 2.42166e+13  -2.42166e+13 0.00000e+00 
8.88558e-02 2.43623e+13  -2.43623e+13 0.00000e+00 
8.89906e-02 2.45087e+13  -2.45086e+13 0.00000e+00 
8.91253e-02 2.46557e+13  -2.46556e+13 0.00000e+00 
8.92601e-02 2.48033e+13  -2.48033e+13 0.00000e+00 
8.93948e-02 2.49516e+13  -2.49515e+13 0.00000e+00 
8.95295e-02 2.51006e+13  -2.51005e+13 0.00000e+00 
8.96643e-02 2.52502e+13  -2.52501e+13 0.00000e+00 
8.97990e-02 2.54004e+13  -2.54004e+13 0.00000e+00 
8.99337e-02 2.55514e+13  -2.55513e+13 0.00000e+00 
9.00685e-02 2.57030e+13  -2.57029e+13 0.00000e+00 
9.02032e-02 2.58552e+13  -2.58552e+13 0.00000e+00 
9.03379e-02 2.60082e+13  -2.60081e+13 0.00000e+00 
9.04726e-02 2.61618e+13  -2.61617e+13 0.00000e+00 
9.06074e-02 2.63161e+13  -2.63160e+13 0.00000e+00 
9.07421e-02 2.64710e+13  -2.64709e+13 0.00000e+00 
9.08768e-02 2.66266e+13  -2.66266e+13 0.00000e+00 
9.10115e-02 2.67829e+13  -2.67829e+13 0.00000e+00 
9.11462e-02 2.69399e+13  -2.69398e+13 0.00000e+00 
9.12809e-02 2.70976e+13  -2.70975e+13 0.00000e+00 
9.14156e-02 2.72559e+13  -2.72558e+13 0.00000e+00 
9.15503e-02 2.74149e+13  -2.74149e+13 0.00000e+00 
9.16850e-02 2.75746e+13  -2.75746e+13 0.00000e+00 
9.18197e-02 2.77350e+13  -2.77350e+13 0.00000e+00 
9.19544e-02 2.78961e+13  -2.78961e+13 0.00000e+00 
9.20891e-02 2.80579e+13  -2.80579e+13 0.00000e+00 
9.22238e-02 2.82204e+13  -2.82203e+13 0.00000e+00 
9.23585e-02 2.83836e+13  -2.83835e+13 0.00000e+00 
9.24932e-02 2.85474e+13  -2.85474e+13 0.00000e+00 
9.26279e-02 2.87120e+13  -2.87120e+13 0.00000e+00 
9.27626e-02 2.88773e+13  -2.88772e+13 0.00000e+00 
9.28972e-02 2.90433e+13  -2.90432e+13 0.00000e+00 
9.30319e-02 2.92100e+13  -2.92099e+13 0.00000e+00 
9.31666e-02 2.93774e+13  -2.93773e+13 0.00000e+00 
9.33013e-02 2.95455e+13  -2.95454e+13 0.00000e+00 
9.34360e-02 2.97143e+13  -2.97142e+13 0.00000e+00 
9.35706e-02 2.98838e+13  -2.98837e+13 0.00000e+00 
9.37053e-02 3.00540e+13  -3.00540e+13 0.00000e+00 
9.38400e-02 3.02250e+13  -3.02249e+13 0.00000e+00 
9.39746e-02 3.03967e+13  -3.03966e+13 0.00000e+00 
9.41093e-02 3.05691e+13  -3.05690e+13 0.00000e+00 
9.42440e-02 3.07422e+13  -3.07422e+13 0.00000e+00 
9.43786e-02 3.09161e+13  -3.09160e+13 0.00000e+00 
9.45133e-02 3.10906e+13  -3.10906e+13 0.00000e+00 
9.46479e-02 3.12660e+13  -3.12659e+13 0.00000e+00 
9.47826e-02 3.14420e+13  -3.14419e+13 0.00000e+00 
9.49172e-02 3.16188e+13  -3.16187e+13 0.00000e+00 
9.50519e-02 3.17963e+13  -3.17962e+13 0.00000e+00 
9.51865e-02 3.19745e+13  -3.19745e+13 0.00000e+00 
9.53212e-02 3.21535e+13  -3.21534e+13 0.00000e+00 
9.54558e-02 3.23332e+13  -3.23332e+13 0.00000e+00 
9.55905e-02 3.25137e+13  -3.25136e+13 0.00000e+00 
9.57251e-02 3.26949e+13  -3.26949e+13 0.00000e+00 
9.58597e-02 3.28769e+13  -3.28768e+13 0.00000e+00 
9.59944e-02 3.30596e+13  -3.30595e+13 0.00000e+00 
9.61290e-02 3.32431e+13  -3.32430e+13 0.00000e+00 
9.62636e-02 3.34273e+13  -3.34272e+13 0.00000e+00 
9.63983e-02 3.36122e+13  -3.36122e+13 0.00000e+00 
9.65329e-02 3.37980e+13  -3.37979e+13 0.00000e+00 
9.66675e-02 3.39845e+13  -3.39844e+13 0.00000e+00 
9.68021e-02 3.41717e+13  -3.41716e+13 0.00000e+00 
9.69367e-02 3.43597e+13  -3.43596e+13 0.00000e+00 
9.70714e-02 3.45485e+13  -3.45484e+13 0.00000e+00 
9.72060e-02 3.47380e+13  -3.47380e+13 0.00000e+00 
9.73406e-02 3.49283e+13  -3.49283e+13 0.00000e+00 
9.74752e-02 3.51194e+13  -3.51194e+13 0.00000e+00 
9.76098e-02 3.53113e+13  -3.53112e+13 0.00000e+00 
9.77444e-02 3.55039e+13  -3.55038e+13 0.00000e+00 
9.78790e-02 3.56973e+13  -3.56973e+13 0.00000e+00 
9.80136e-02 3.58915e+13  -3.58914e+13 0.00000e+00 
9.81482e-02 3.60865e+13  -3.60864e+13 0.00000e+00 
9.82828e-02 3.62822e+13  -3.62822e+13 0.00000e+00 
9.84174e-02 3.64788e+13  -3.64787e+13 0.00000e+00 
9.85520e-02 3.66761e+13  -3.66760e+13 0.00000e+00 
9.86866e-02 3.68742e+13  -3.68741e+13 0.00000e+00 
9.88212e-02 3.70731e+13  -3.70730e+13 0.00000e+00 
9.89558e-02 3.72728e+13  -3.72727e+13 0.00000e+00 
9.90904e-02 3.74733e+13  -3.74732e+13 0.00000e+00 
9.92249e-02 3.76746e+13  -3.76745e+13 0.00000e+00 
9.93595e-02 3.78767e+13  -3.78766e+13 0.00000e+00 
9.94941e-02 3.80796e+13  -3.80795e+13 0.00000e+00 
9.96287e-02 3.82833e+13  -3.82832e+13 0.00000e+00 
9.97633e-02 3.84878e+13  -3.84877e+13 0.00000e+00 
9.98978e-02 3.86931e+13  -3.86930e+13 0.00000e+00 
