2 2.0724473491e-04 1.8578018651e+03
3 3.2030910190e-04 2.7803137624e+03
4 4.4003813188e-04 3.6947441836e+03
5 5.6671491251e-04 4.5979234814e+03
6 7.0062558309e-04 5.4864346278e+03
7 8.4205790459e-04 6.3566121507e+03
8 9.9129959862e-04 7.2045442977e+03
9 1.1486364387e-03 8.0260790155e+03
10 1.3143500795e-03 8.8168343738e+03
11 1.4887156114e-03 9.5722140580e+03
12 1.6719988319e-03 1.0287428593e+04
13 1.8644532301e-03 1.0957522934e+04
14 2.0663166857e-03 1.1577411008e+04
15 2.2778078909e-03 1.2141917731e+04
16 2.4991225127e-03 1.2645828912e+04
17 2.7304291222e-03 1.3083949307e+04
18 2.9718649283e-03 1.3451168869e+04
19 3.2235313648e-03 1.3742537044e+04
20 3.4854895932e-03 1.3953344598e+04
21 3.7577559966e-03 1.4079212209e+04
22 4.0402977519e-03 1.4116184593e+04
23 4.3330285818e-03 1.4060828616e+04
24 4.6358047969e-03 1.3910333371e+04
25 4.9484217487e-03 1.3662609818e+04
26 5.2706108188e-03 1.3316387212e+04
27 5.6020370724e-03 1.2871303218e+04
28 5.9422977001e-03 1.2327984414e+04
29 6.2909213660e-03 1.1688113748e+04
30 6.6473685628e-03 1.0954481579e+04
31 7.0110330592e-03 1.0131017113e+04
32 7.3812444957e-03 9.2227974791e+03
33 7.7572721569e-03 8.2360321956e+03
34 8.1383299116e-03 7.1780215745e+03
35 8.5235822785e-03 6.0570884605e+03
36 8.9121515314e-03 4.8824837203e+03
37 9.3031257255e-03 3.6642669264e+03
38 9.6955674897e-03 2.4131647591e+03
39 1.0088523399e-02 1.1404106075e+03
40 1.0481033721e-02 -1.4243028273e+02
41 1.0872142312e-02 -1.4236450937e+03
42 1.1260906437e-02 -2.6915617091e+03
43 1.1646406284e-02 -3.9347353396e+03
44 1.2027753962e-02 -5.1421279909e+03
45 1.2404101791e-02 -6.3032755952e+03
46 1.2774649719e-02 -7.4084382574e+03
47 1.3138651733e-02 -8.4487298467e+03
48 1.3495421165e-02 -9.4162241036e+03
49 1.3844334850e-02 -1.0304035458e+04
50 1.4184836099e-02 -1.1106373763e+04
51 1.4516436513e-02 -1.1818573163e+04
52 1.4838716686e-02 -1.2437096201e+04
53 1.5151325865e-02 -1.2959515012e+04
54 1.5453980666e-02 -1.3384472115e+04
55 1.5746462966e-02 -1.3711623677e+04
56 1.6028617075e-02 -1.3941568440e+04
57 1.6300346331e-02 -1.4075765592e+04
58 1.6561609240e-02 -1.4116444795e+04
59 1.6812415274e-02 -1.4066511440e+04
60 1.7052820453e-02 -1.3929449951e+04
61 1.7282922818e-02 -1.3709227590e+04
62 1.7502857867e-02 -1.3410200906e+04
63 1.7712794061e-02 -1.3037026529e+04
64 1.7912928449e-02 -1.2594577671e+04
65 1.8103482475e-02 -1.2087867316e+04
66 1.8284698005e-02 -1.1521978725e+04
67 1.8456833608e-02 -1.0902003642e+04
68 1.8620161108e-02 -1.0232988263e+04
69 1.8774962426e-02 -9.5198868716e+03
70 1.8921526712e-02 -8.7675228597e+03
71 1.9060147764e-02 -7.9805567071e+03
72 1.9191121729e-02 -7.1634604440e+03
73 1.9314745078e-02 -6.3204980054e+03
74 1.9431312837e-02 -5.4557109165e+03
75 1.9541117060e-02 -4.5729086800e+03
76 1.9644445525e-02 -3.6756632825e+03
77 1.9741580635e-02 -2.7673072547e+03
78 1.9832798515e-02 -1.8509347326e+03
79 1.9918368267e-02 -9.2940502789e+02
80 1.9998551389e-02 -5.3482445139e+00
81 2.0073601316e-02 9.1882746461e+02
82 2.0143763098e-02 1.8409273686e+03
83 2.0209273166e-02 2.7589606892e+03
84 2.0270359201e-02 3.6711304516e+03
85 2.0327240076e-02 4.5758229181e+03
86 2.0380125866e-02 5.4715967828e+03
87 2.0429217916e-02 6.3571723202e+03
88 2.0474708957e-02 7.2314206118e+03
89 2.0516783257e-02 8.0933529639e+03
90 2.0555616813e-02 8.9421106225e+03
91 2.0591377558e-02 9.7769548314e+03
92 2.0624225597e-02 1.0597257298e+04
93 2.0654313451e-02 1.1402491109e+04
94 2.0681786319e-02 1.2192222106e+04
95 2.0706782340e-02 1.2966100739e+04
96 2.0729432863e-02 1.3723854417e+04
97 2.0749862721e-02 1.4465280332e+04
98 2.0768190471e-02 1.5190244367e+04
99 2.0784528775e-02 1.5898651917e+04
100 2.0798984490e-02 1.6590477382e+04
101 2.0811659049e-02 1.7265734677e+04
102 2.0822648679e-02 1.7924478493e+04
103 2.0832044645e-02 1.8566799738e+04
104 2.0839933493e-02 1.9192821383e+04
105 2.0846397276e-02 1.9802694599e+04
106 2.0851513777e-02 2.0396595268e+04
107 2.0855356720e-02 2.0974720770e+04
108 2.0857995976e-02 2.1537287069e+04
109 2.0859497761e-02 2.2084526062e+04
110 2.0859924818e-02 2.2616683157e+04
111 2.0859336601e-02 2.3134015110e+04
112 2.0857789442e-02 2.3636788035e+04
113 2.0855336717e-02 2.4125275629e+04
114 2.0852029001e-02 2.4599757575e+04
115 2.0847914210e-02 2.5060518095e+04
116 2.0843037748e-02 2.5507844659e+04
117 2.0837442636e-02 2.5942026840e+04
118 2.0831169641e-02 2.6363355281e+04
119 2.0824257391e-02 2.6772120776e+04
120 2.0816742494e-02 2.7168613470e+04
121 2.0808659644e-02 2.7553122129e+04
122 2.0800041719e-02 2.7925933530e+04
123 2.0790919885e-02 2.8287331893e+04
124 2.0781323680e-02 2.8637598417e+04
125 2.0771281106e-02 2.8977010835e+04
126 2.0760818707e-02 2.9305843097e+04
127 2.0749961650e-02 2.9624365039e+04
128 2.0738733795e-02 2.9932842117e+04
129 2.0727157767e-02 3.0231535217e+04
130 2.0715255019e-02 3.0520700454e+04
131 2.0703045896e-02 3.0800589049e+04
132 2.0690549692e-02 3.1071447202e+04
133 2.0677784708e-02 3.1333516009e+04
134 2.0664768301e-02 3.1587031413e+04
135 2.0651516936e-02 3.1832224142e+04
136 2.0638046232e-02 3.2069319720e+04
137 2.0624371006e-02 3.2298538446e+04
138 2.0610505316e-02 3.2520095398e+04
139 2.0596462498e-02 3.2734200501e+04
140 2.0582255207e-02 3.2941058490e+04
141 2.0567895450e-02 3.3140869059e+04
142 2.0553394621e-02 3.3333826830e+04
143 2.0538763529e-02 3.3520121452e+04
144 2.0524012435e-02 3.3699937678e+04
145 2.0509151073e-02 3.3873455439e+04
146 2.0494188682e-02 3.4040849918e+04
147 2.0479134027e-02 3.4202291639e+04
148 2.0463995427e-02 3.4357946552e+04
149 2.0448780777e-02 3.4507976129e+04
150 2.0433497567e-02 3.4652537461e+04
151 2.0418152906e-02 3.4791783334e+04
152 2.0402753537e-02 3.4925862355e+04
153 2.0387305861e-02 3.5054919019e+04
154 2.0371815947e-02 3.5179093809e+04
155 2.0356289555e-02 3.5298523302e+04
156 2.0340732150e-02 3.5413340277e+04
157 2.0325148914e-02 3.5523673796e+04
158 2.0309544761e-02 3.5629649262e+04
159 2.0293924353e-02 3.5731388576e+04
160 2.0278292111e-02 3.5829010211e+04
161 2.0262652223e-02 3.5922629268e+04
162 2.0247008662e-02 3.6012357587e+04
163 2.0231365192e-02 3.6098303879e+04
164 2.0215725381e-02 3.6180573725e+04
165 2.0200092607e-02 3.6259269734e+04
166 2.0184470072e-02 3.6334491595e+04
167 2.0168860806e-02 3.6406336161e+04
168 2.0153267679e-02 3.6474897537e+04
169 2.0137693406e-02 3.6540267157e+04
170 2.0122140557e-02 3.6602533828e+04
171 2.0106611561e-02 3.6661783873e+04
172 2.0091108715e-02 3.6718101121e+04
173 2.0075634191e-02 3.6771567047e+04
174 2.0060190040e-02 3.6822260788e+04
175 2.0044778198e-02 3.6870259291e+04
176 2.0029400494e-02 3.6915637245e+04
177 2.0014058651e-02 3.6958467249e+04
178 1.9998754296e-02 3.6998819917e+04
179 1.9983488958e-02 3.7036763760e+04
180 1.9968264080e-02 3.7072365390e+04
181 1.9953081020e-02 3.7105689574e+04
182 1.9937941052e-02 3.7136799236e+04
183 1.9922845374e-02 3.7165755503e+04
184 1.9907795110e-02 3.7192617800e+04
185 1.9892791316e-02 3.7217443910e+04
186 1.9877834978e-02 3.7240289981e+04
187 1.9862927020e-02 3.7261210587e+04
188 1.9848068305e-02 3.7280258712e+04
189 1.9833259639e-02 3.7297485980e+04
190 1.9818501770e-02 3.7312942519e+04
191 1.9803795398e-02 3.7326677069e+04
192 1.9789141169e-02 3.7338737019e+04
193 1.9774539685e-02 3.7349168390e+04
194 1.9759991499e-02 3.7358016056e+04
195 1.9745497124e-02 3.7365323527e+04
196 1.9731057030e-02 3.7371133174e+04
197 1.9716671648e-02 3.7375486217e+04
198 1.9702341373e-02 3.7378422678e+04
199 1.9688066562e-02 3.7379981583e+04
200 1.9673847541e-02 3.7380200787e+04
