
step = 0     time = 0.00e+00     dt = 5.21e-07

step = 1     time = 5.21e-07     dt = 5.21e-07

step = 2     time = 1.04e-06     dt = 5.21e-07

step = 3     time = 1.56e-06     dt = 5.21e-07

step = 4     time = 2.08e-06     dt = 5.21e-07
Displacment
-2.2406E-09  5.9748E-10  0.0000E+00 
-1.0694E-09 -6.1911E-10  0.0000E+00 
-5.9748E-10 -2.2406E-09  0.0000E+00 
 6.1911E-10 -1.0694E-09  0.0000E+00 
 2.2406E-09 -5.9748E-10  0.0000E+00 
 1.0694E-09  6.1911E-10  0.0000E+00 
 5.9748E-10  2.2406E-09  0.0000E+00 
-6.1911E-10  1.0694E-09  0.0000E+00 
-3.0983E-18 -1.1783E-18  0.0000E+00 
-1.4075E-09  3.7533E-10  5.5732E-09 
-1.6887E-09 -9.7766E-10  5.0530E-09 
-3.7533E-10 -1.4075E-09  5.5732E-09 
 9.7766E-10 -1.6887E-09  5.0530E-09 
 1.4075E-09 -3.7533E-10  5.5732E-09 
 1.6887E-09  9.7766E-10  5.0530E-09 
 3.7533E-10  1.4075E-09  5.5732E-09 
-9.7766E-10  1.6887E-09  5.0530E-09 
-3.6498E-18 -9.5597E-19  4.7668E-09 
-5.7438E-10  1.5317E-10  1.0422E-08 
-2.3080E-09 -1.3362E-09  1.0422E-08 
-1.5317E-10 -5.7438E-10  1.0422E-08 
 1.3362E-09 -2.3080E-09  1.0422E-08 
 5.7438E-10 -1.5317E-10  1.0422E-08 
 2.3080E-09  1.3362E-09  1.0422E-08 
 1.5317E-10  5.7438E-10  1.0422E-08 
-1.3362E-09  2.3080E-09  1.0422E-08 
-3.4089E-18 -2.3113E-19  1.0422E-08 

step = 5     time = 2.61e-06     dt = 5.21e-07

step = 6     time = 3.13e-06     dt = 5.21e-07

step = 7     time = 3.65e-06     dt = 5.21e-07

step = 8     time = 4.17e-06     dt = 5.21e-07

step = 9     time = 4.69e-06     dt = 5.21e-07
Displacment
-3.3221E-09  8.8589E-10  0.0000E+00 
-3.3038E-09 -1.9127E-09  0.0000E+00 
-8.8589E-10 -3.3221E-09  0.0000E+00 
 1.9127E-09 -3.3038E-09  0.0000E+00 
 3.3221E-09 -8.8589E-10  0.0000E+00 
 3.3038E-09  1.9127E-09  0.0000E+00 
 8.8589E-10  3.3221E-09  0.0000E+00 
-1.9127E-09  3.3038E-09  0.0000E+00 
 6.3461E-17  2.7457E-17  0.0000E+00 
-3.5362E-09  9.4299E-10  1.0709E-08 
-3.4267E-09 -1.9839E-09  1.1203E-08 
-9.4299E-10 -3.5362E-09  1.0709E-08 
 1.9839E-09 -3.4267E-09  1.1203E-08 
 3.5362E-09 -9.4299E-10  1.0709E-08 
 3.4267E-09  1.9839E-09  1.1203E-08 
 9.4299E-10  3.5362E-09  1.0709E-08 
-1.9839E-09  3.4267E-09  1.1203E-08 
 6.3398E-17  2.6947E-17  1.2264E-08 
-3.7503E-09  1.0001E-09  2.3449E-08 
-3.5496E-09 -2.0550E-09  2.3449E-08 
-1.0001E-09 -3.7503E-09  2.3449E-08 
 2.0550E-09 -3.5496E-09  2.3449E-08 
 3.7503E-09 -1.0001E-09  2.3449E-08 
 3.5496E-09  2.0550E-09  2.3449E-08 
 1.0001E-09  3.7503E-09  2.3449E-08 
-2.0550E-09  3.5496E-09  2.3449E-08 
 6.4295E-17  2.6463E-17  2.3449E-08 

step = 10     time = 5.21e-06     dt = 5.21e-07

step = 11     time = 5.73e-06     dt = 5.21e-07

step = 12     time = 6.25e-06     dt = 5.21e-07

step = 13     time = 6.77e-06     dt = 5.21e-07

step = 14     time = 7.30e-06     dt = 5.21e-07
Displacment
-5.5401E-09  1.4774E-09  0.0000E+00 
-5.3132E-09 -3.0761E-09  0.0000E+00 
-1.4774E-09 -5.5401E-09  0.0000E+00 
 3.0761E-09 -5.3132E-09  0.0000E+00 
 5.5401E-09 -1.4774E-09  0.0000E+00 
 5.3132E-09  3.0761E-09  0.0000E+00 
 1.4774E-09  5.5401E-09  0.0000E+00 
-3.0761E-09  5.3132E-09  0.0000E+00 
-1.2720E-15 -5.1160E-16  0.0000E+00 
-5.2955E-09  1.4121E-09  1.7036E-08 
-4.9267E-09 -2.8523E-09  1.9244E-08 
-1.4121E-09 -5.2955E-09  1.7036E-08 
 2.8523E-09 -4.9267E-09  1.9244E-08 
 5.2955E-09 -1.4121E-09  1.7036E-08 
 4.9267E-09  2.8523E-09  1.9244E-08 
 1.4121E-09  5.2955E-09  1.7036E-08 
-2.8523E-09  4.9267E-09  1.9244E-08 
-1.2725E-15 -5.1129E-16  1.8667E-08 
-5.0508E-09  1.3469E-09  3.6476E-08 
-4.5402E-09 -2.6285E-09  3.6476E-08 
-1.3469E-09 -5.0508E-09  3.6476E-08 
 2.6285E-09 -4.5402E-09  3.6476E-08 
 5.0509E-09 -1.3469E-09  3.6476E-08 
 4.5402E-09  2.6285E-09  3.6476E-08 
 1.3469E-09  5.0508E-09  3.6476E-08 
-2.6285E-09  4.5402E-09  3.6476E-08 
-1.2724E-15 -5.1136E-16  3.6476E-08 

step = 15     time = 7.82e-06     dt = 5.21e-07

step = 16     time = 8.34e-06     dt = 5.21e-07

step = 17     time = 8.86e-06     dt = 5.21e-07

step = 18     time = 9.38e-06     dt = 5.21e-07

step = 19     time = 9.90e-06     dt = 5.21e-07
Displacment
-7.0721E-09  1.8859E-09  0.0000E+00 
-5.6235E-09 -3.2557E-09  0.0000E+00 
-1.8859E-09 -7.0721E-09  0.0000E+00 
 3.2557E-09 -5.6234E-09  0.0000E+00 
 7.0719E-09 -1.8858E-09  0.0000E+00 
 5.6234E-09  3.2557E-09  0.0000E+00 
 1.8859E-09  7.0720E-09  0.0000E+00 
-3.2557E-09  5.6235E-09  0.0000E+00 
 2.5160E-14  1.0006E-14  0.0000E+00 
-7.2381E-09  1.9302E-09  2.5639E-08 
-6.6041E-09 -3.8234E-09  2.3413E-08 
-1.9302E-09 -7.2381E-09  2.5639E-08 
 3.8235E-09 -6.6041E-09  2.3413E-08 
 7.2380E-09 -1.9301E-09  2.5639E-08 
 6.6041E-09  3.8234E-09  2.3413E-08 
 1.9301E-09  7.2380E-09  2.5639E-08 
-3.8234E-09  6.6041E-09  2.3413E-08 
 2.5159E-14  1.0006E-14  2.4517E-08 
-7.4042E-09  1.9744E-09  4.9503E-08 
-7.5848E-09 -4.3912E-09  4.9503E-08 
-1.9745E-09 -7.4042E-09  4.9503E-08 
 4.3912E-09 -7.5848E-09  4.9503E-08 
 7.4040E-09 -1.9744E-09  4.9503E-08 
 7.5848E-09  4.3912E-09  4.9503E-08 
 1.9744E-09  7.4041E-09  4.9503E-08 
-4.3912E-09  7.5848E-09  4.9503E-08 
 2.5159E-14  1.0006E-14  4.9503E-08 

step = 20     time = 1.04e-05     dt = 5.21e-07

step = 21     time = 1.09e-05     dt = 5.21e-07

step = 22     time = 1.15e-05     dt = 5.21e-07

step = 23     time = 1.20e-05     dt = 5.21e-07
