3-D Example       at increment:       1,        load:  1
hexa8
8
1 7  0.0000E+00  0.0000E+00  0.0000E+00 -8.1634E-07 -2.4018E+00 -8.1634E-07 
2 3  0.0000E+00  0.0000E+00  9.9014E-01 -8.1634E-07 -2.4018E+00  0.0000E+00 
3 2  9.9014E-01  0.0000E+00  9.9014E-01  0.0000E+00 -2.4018E+00  0.0000E+00 
4 6  9.9014E-01  0.0000E+00  0.0000E+00  0.0000E+00 -2.4018E+00 -8.1634E-07 
5 7  0.0000E+00  1.0400E+00  0.0000E+00 -8.1634E-07  2.4018E+00 -8.1634E-07 
6 3  0.0000E+00  1.0400E+00  9.9014E-01 -8.1634E-07  2.4018E+00  0.0000E+00 
7 2  9.9014E-01  1.0400E+00  9.9014E-01  0.0000E+00  2.4018E+00  0.0000E+00 
8 6  9.9014E-01  1.0400E+00  0.0000E+00  0.0000E+00  2.4018E+00 -8.1634E-07 
1
1 1 1 2 3 4 5 6 7 8 
 3.1710E-06  0.0000E+00  0.0000E+00  9.7995E+00 -1.3973E-15  3.1710E-06 
 3.1710E-06  0.0000E+00  0.0000E+00  9.7995E+00 -1.1179E-14  3.1710E-06 
 3.1710E-06  0.0000E+00  0.0000E+00  9.7995E+00  0.0000E+00  3.1710E-06 
 3.1710E-06  0.0000E+00  0.0000E+00  9.7995E+00  0.0000E+00  3.1710E-06 
 3.1710E-06  0.0000E+00  0.0000E+00  9.7995E+00 -1.3973E-15  3.1710E-06 
 3.1710E-06  0.0000E+00  1.0643E-14  9.7995E+00 -1.1179E-14  3.1710E-06 
 3.1710E-06  0.0000E+00  1.0643E-14  9.7995E+00  0.0000E+00  3.1710E-06 
 3.1710E-06  0.0000E+00  0.0000E+00  9.7995E+00  0.0000E+00  3.1710E-06 

--------------------------------------------------------
--------------------------------------------------------

