1.36166e-04 6.51919e+01  0.00000e+00 0.00000e+00 
2.72331e-04 1.04307e+03  -7.82303e+02 0.00000e+00 
4.08497e-04 5.28055e+03  -4.69382e+03 0.00000e+00 
5.44663e-04 1.66891e+04  -1.56461e+04 0.00000e+00 
6.80828e-04 4.07450e+04  -3.91152e+04 0.00000e+00 
8.16994e-04 8.44888e+04  -8.21419e+04 0.00000e+00 
9.53159e-04 1.56526e+05  -1.53331e+05 0.00000e+00 
1.08933e-03 2.67026e+05  -2.62854e+05 0.00000e+00 
1.22549e-03 4.27724e+05  -4.22444e+05 0.00000e+00 
1.36166e-03 6.51919e+05  -6.45400e+05 0.00000e+00 
1.49782e-03 9.54475e+05  -9.46587e+05 0.00000e+00 
1.63399e-03 1.35182e+06  -1.34243e+06 0.00000e+00 
1.77015e-03 1.86195e+06  -1.85093e+06 0.00000e+00 
1.90632e-03 2.50441e+06  -2.49164e+06 0.00000e+00 
2.04248e-03 3.30034e+06  -3.28567e+06 0.00000e+00 
2.17865e-03 4.27242e+06  -4.25573e+06 0.00000e+00 
2.31482e-03 5.44490e+06  -5.42606e+06 0.00000e+00 
2.45098e-03 6.84359e+06  -6.82247e+06 0.00000e+00 
2.58715e-03 8.49588e+06  -8.47235e+06 0.00000e+00 
2.72331e-03 1.04307e+07  -1.04046e+07 0.00000e+00 
2.85948e-03 1.26786e+07  -1.26498e+07 0.00000e+00 
2.99564e-03 1.52716e+07  -1.52401e+07 0.00000e+00 
3.13181e-03 1.82434e+07  -1.82089e+07 0.00000e+00 
3.26798e-03 2.16291e+07  -2.15916e+07 0.00000e+00 
3.40414e-03 2.54656e+07  -2.54249e+07 0.00000e+00 
3.54031e-03 2.97912e+07  -2.97471e+07 0.00000e+00 
3.67647e-03 3.46457e+07  -3.45982e+07 0.00000e+00 
3.81264e-03 4.00706e+07  -4.00195e+07 0.00000e+00 
3.94880e-03 4.61090e+07  -4.60542e+07 0.00000e+00 
4.08497e-03 5.28055e+07  -5.27468e+07 0.00000e+00 
4.22113e-03 6.02061e+07  -6.01435e+07 0.00000e+00 
4.35730e-03 6.83587e+07  -6.82920e+07 0.00000e+00 
4.49347e-03 7.73125e+07  -7.72415e+07 0.00000e+00 
4.62963e-03 8.71184e+07  -8.70430e+07 0.00000e+00 
4.76580e-03 9.78287e+07  -9.77488e+07 0.00000e+00 
4.90196e-03 1.09497e+08  -1.09413e+08 0.00000e+00 
5.03813e-03 1.22180e+08  -1.22091e+08 0.00000e+00 
5.17429e-03 1.35934e+08  -1.35840e+08 0.00000e+00 
5.31046e-03 1.50818e+08  -1.50719e+08 0.00000e+00 
5.44663e-03 1.66891e+08  -1.66787e+08 0.00000e+00 
5.58279e-03 1.84217e+08  -1.84107e+08 0.00000e+00 
5.71896e-03 2.02858e+08  -2.02743e+08 0.00000e+00 
5.85512e-03 2.22878e+08  -2.22758e+08 0.00000e+00 
5.99129e-03 2.44346e+08  -2.44220e+08 0.00000e+00 
6.12745e-03 2.67328e+08  -2.67196e+08 0.00000e+00 
6.26362e-03 2.91894e+08  -2.91756e+08 0.00000e+00 
6.39978e-03 3.18116e+08  -3.17972e+08 0.00000e+00 
6.53595e-03 3.46066e+08  -3.45916e+08 0.00000e+00 
6.67212e-03 3.75819e+08  -3.75662e+08 0.00000e+00 
6.80828e-03 4.07450e+08  -4.07287e+08 0.00000e+00 
6.94445e-03 4.41037e+08  -4.40867e+08 0.00000e+00 
7.08061e-03 4.76659e+08  -4.76482e+08 0.00000e+00 
7.21678e-03 5.14396e+08  -5.14213e+08 0.00000e+00 
7.35294e-03 5.54331e+08  -5.54141e+08 0.00000e+00 
7.48911e-03 5.96547e+08  -5.96350e+08 0.00000e+00 
7.62528e-03 6.41130e+08  -6.40926e+08 0.00000e+00 
7.76144e-03 6.88167e+08  -6.87955e+08 0.00000e+00 
7.89761e-03 7.37745e+08  -7.37526e+08 0.00000e+00 
8.03377e-03 7.89955e+08  -7.89728e+08 0.00000e+00 
8.16994e-03 8.44888e+08  -8.44654e+08 0.00000e+00 
8.30610e-03 9.02638e+08  -9.02395e+08 0.00000e+00 
8.44227e-03 9.63299e+08  -9.63048e+08 0.00000e+00 
8.57843e-03 1.02697e+09  -1.02671e+09 0.00000e+00 
8.71460e-03 1.09374e+09  -1.09347e+09 0.00000e+00 
8.85077e-03 1.16372e+09  -1.16344e+09 0.00000e+00 
8.98693e-03 1.23700e+09  -1.23672e+09 0.00000e+00 
9.12310e-03 1.31369e+09  -1.31340e+09 0.00000e+00 
9.25926e-03 1.39389e+09  -1.39359e+09 0.00000e+00 
9.39543e-03 1.47772e+09  -1.47740e+09 0.00000e+00 
9.53159e-03 1.56526e+09  -1.56494e+09 0.00000e+00 
9.66776e-03 1.65664e+09  -1.65631e+09 0.00000e+00 
9.80393e-03 1.75196e+09  -1.75162e+09 0.00000e+00 
9.94009e-03 1.85134e+09  -1.85099e+09 0.00000e+00 
1.00763e-02 1.95489e+09  -1.95453e+09 0.00000e+00 
1.02124e-02 2.06272e+09  -2.06235e+09 0.00000e+00 
1.03486e-02 2.17495e+09  -2.17457e+09 0.00000e+00 
1.04848e-02 2.29170e+09  -2.29131e+09 0.00000e+00 
1.06209e-02 2.41309e+09  -2.41269e+09 0.00000e+00 
1.07571e-02 2.53924e+09  -2.53883e+09 0.00000e+00 
1.08933e-02 2.67027e+09  -2.66985e+09 0.00000e+00 
1.10294e-02 2.80630e+09  -2.80588e+09 0.00000e+00 
1.11656e-02 2.94747e+09  -2.94704e+09 0.00000e+00 
1.13017e-02 3.09391e+09  -3.09346e+09 0.00000e+00 
1.14379e-02 3.24573e+09  -3.24527e+09 0.00000e+00 
1.15741e-02 3.40307e+09  -3.40259e+09 0.00000e+00 
1.17102e-02 3.56606e+09  -3.56558e+09 0.00000e+00 
1.18464e-02 3.73484e+09  -3.73434e+09 0.00000e+00 
1.19826e-02 3.90954e+09  -3.90903e+09 0.00000e+00 
1.21187e-02 4.09030e+09  -4.08978e+09 0.00000e+00 
1.22549e-02 4.27725e+09  -4.27672e+09 0.00000e+00 
1.23911e-02 4.47054e+09  -4.47000e+09 0.00000e+00 
1.25272e-02 4.67031e+09  -4.66976e+09 0.00000e+00 
1.26634e-02 4.87671e+09  -4.87614e+09 0.00000e+00 
1.27996e-02 5.08986e+09  -5.08929e+09 0.00000e+00 
1.29357e-02 5.30994e+09  -5.30935e+09 0.00000e+00 
1.30719e-02 5.53707e+09  -5.53647e+09 0.00000e+00 
1.32081e-02 5.77141e+09  -5.77079e+09 0.00000e+00 
1.33442e-02 6.01311e+09  -6.01248e+09 0.00000e+00 
1.34804e-02 6.26233e+09  -6.26169e+09 0.00000e+00 
1.36166e-02 6.51921e+09  -6.51856e+09 0.00000e+00 
1.37527e-02 6.78392e+09  -6.78325e+09 0.00000e+00 
1.38889e-02 7.05660e+09  -7.05592e+09 0.00000e+00 
1.40251e-02 7.33743e+09  -7.33674e+09 0.00000e+00 
1.41612e-02 7.62655e+09  -7.62585e+09 0.00000e+00 
1.42974e-02 7.92414e+09  -7.92342e+09 0.00000e+00 
1.44336e-02 8.23035e+09  -8.22962e+09 0.00000e+00 
1.45697e-02 8.54536e+09  -8.54461e+09 0.00000e+00 
1.47059e-02 8.86932e+09  -8.86855e+09 0.00000e+00 
1.48421e-02 9.20240e+09  -9.20162e+09 0.00000e+00 
1.49782e-02 9.54478e+09  -9.54399e+09 0.00000e+00 
1.51144e-02 9.89662e+09  -9.89582e+09 0.00000e+00 
1.52506e-02 1.02581e+10  -1.02573e+10 0.00000e+00 
1.53867e-02 1.06294e+10  -1.06286e+10 0.00000e+00 
1.55229e-02 1.10107e+10  -1.10098e+10 0.00000e+00 
1.56590e-02 1.14021e+10  -1.14013e+10 0.00000e+00 
1.57952e-02 1.18039e+10  -1.18031e+10 0.00000e+00 
1.59314e-02 1.22163e+10  -1.22154e+10 0.00000e+00 
1.60675e-02 1.26393e+10  -1.26384e+10 0.00000e+00 
1.62037e-02 1.30732e+10  -1.30723e+10 0.00000e+00 
1.63399e-02 1.35182e+10  -1.35173e+10 0.00000e+00 
1.64760e-02 1.39745e+10  -1.39736e+10 0.00000e+00 
1.66122e-02 1.44422e+10  -1.44413e+10 0.00000e+00 
1.67484e-02 1.49216e+10  -1.49206e+10 0.00000e+00 
1.68845e-02 1.54128e+10  -1.54118e+10 0.00000e+00 
1.70207e-02 1.59161e+10  -1.59150e+10 0.00000e+00 
1.71569e-02 1.64315e+10  -1.64305e+10 0.00000e+00 
1.72930e-02 1.69594e+10  -1.69583e+10 0.00000e+00 
1.74292e-02 1.74999e+10  -1.74988e+10 0.00000e+00 
1.75654e-02 1.80532e+10  -1.80521e+10 0.00000e+00 
1.77015e-02 1.86195e+10  -1.86184e+10 0.00000e+00 
1.78377e-02 1.91991e+10  -1.91980e+10 0.00000e+00 
1.79739e-02 1.97921e+10  -1.97909e+10 0.00000e+00 
1.81100e-02 2.03987e+10  -2.03975e+10 0.00000e+00 
1.82462e-02 2.10191e+10  -2.10180e+10 0.00000e+00 
1.83824e-02 2.16536e+10  -2.16524e+10 0.00000e+00 
1.85185e-02 2.23024e+10  -2.23012e+10 0.00000e+00 
1.86547e-02 2.29656e+10  -2.29644e+10 0.00000e+00 
1.87909e-02 2.36435e+10  -2.36423e+10 0.00000e+00 
1.89270e-02 2.43363e+10  -2.43351e+10 0.00000e+00 
1.90632e-02 2.50442e+10  -2.50430e+10 0.00000e+00 
1.91994e-02 2.57675e+10  -2.57662e+10 0.00000e+00 
1.93355e-02 2.65063e+10  -2.65050e+10 0.00000e+00 
1.94717e-02 2.72609e+10  -2.72596e+10 0.00000e+00 
1.96079e-02 2.80315e+10  -2.80301e+10 0.00000e+00 
1.97440e-02 2.88183e+10  -2.88169e+10 0.00000e+00 
1.98802e-02 2.96215e+10  -2.96201e+10 0.00000e+00 
2.00163e-02 3.04415e+10  -3.04400e+10 0.00000e+00 
2.01525e-02 3.12783e+10  -3.12769e+10 0.00000e+00 
2.02887e-02 3.21323e+10  -3.21308e+10 0.00000e+00 
2.04248e-02 3.30036e+10  -3.30021e+10 0.00000e+00 
2.05610e-02 3.38925e+10  -3.38910e+10 0.00000e+00 
2.06972e-02 3.47993e+10  -3.47978e+10 0.00000e+00 
2.08333e-02 3.57242e+10  -3.57226e+10 0.00000e+00 
2.09695e-02 3.66673e+10  -3.66658e+10 0.00000e+00 
2.11057e-02 3.76290e+10  -3.76275e+10 0.00000e+00 
2.12418e-02 3.86095e+10  -3.86080e+10 0.00000e+00 
2.13780e-02 3.96091e+10  -3.96075e+10 0.00000e+00 
2.15142e-02 4.06279e+10  -4.06263e+10 0.00000e+00 
2.16503e-02 4.16663e+10  -4.16646e+10 0.00000e+00 
2.17865e-02 4.27244e+10  -4.27228e+10 0.00000e+00 
2.19227e-02 4.38026e+10  -4.38009e+10 0.00000e+00 
2.20588e-02 4.49011e+10  -4.48993e+10 0.00000e+00 
2.21950e-02 4.60200e+10  -4.60183e+10 0.00000e+00 
2.23312e-02 4.71598e+10  -4.71580e+10 0.00000e+00 
2.24673e-02 4.83206e+10  -4.83188e+10 0.00000e+00 
2.26035e-02 4.95027e+10  -4.95009e+10 0.00000e+00 
2.27397e-02 5.07064e+10  -5.07046e+10 0.00000e+00 
2.28758e-02 5.19318e+10  -5.19300e+10 0.00000e+00 
2.30120e-02 5.31794e+10  -5.31775e+10 0.00000e+00 
2.31482e-02 5.44493e+10  -5.44474e+10 0.00000e+00 
2.32843e-02 5.57418e+10  -5.57399e+10 0.00000e+00 
2.34205e-02 5.70572e+10  -5.70553e+10 0.00000e+00 
2.35567e-02 5.83957e+10  -5.83938e+10 0.00000e+00 
2.36928e-02 5.97577e+10  -5.97557e+10 0.00000e+00 
2.38290e-02 6.11433e+10  -6.11413e+10 0.00000e+00 
2.39652e-02 6.25529e+10  -6.25509e+10 0.00000e+00 
2.41013e-02 6.39867e+10  -6.39847e+10 0.00000e+00 
2.42375e-02 6.54451e+10  -6.54430e+10 0.00000e+00 
2.43736e-02 6.69282e+10  -6.69261e+10 0.00000e+00 
2.45098e-02 6.84364e+10  -6.84343e+10 0.00000e+00 
2.46460e-02 6.99699e+10  -6.99678e+10 0.00000e+00 
2.47821e-02 7.15291e+10  -7.15269e+10 0.00000e+00 
2.49183e-02 7.31142e+10  -7.31120e+10 0.00000e+00 
2.50545e-02 7.47254e+10  -7.47232e+10 0.00000e+00 
2.51906e-02 7.63632e+10  -7.63610e+10 0.00000e+00 
2.53268e-02 7.80277e+10  -7.80255e+10 0.00000e+00 
2.54630e-02 7.97193e+10  -7.97171e+10 0.00000e+00 
2.55991e-02 8.14383e+10  -8.14360e+10 0.00000e+00 
2.57353e-02 8.31849e+10  -8.31826e+10 0.00000e+00 
2.58715e-02 8.49595e+10  -8.49571e+10 0.00000e+00 
2.60076e-02 8.67623e+10  -8.67599e+10 0.00000e+00 
2.61438e-02 8.85936e+10  -8.85912e+10 0.00000e+00 
2.62800e-02 9.04538e+10  -9.04514e+10 0.00000e+00 
2.64161e-02 9.23431e+10  -9.23407e+10 0.00000e+00 
2.65523e-02 9.42619e+10  -9.42594e+10 0.00000e+00 
2.66885e-02 9.62104e+10  -9.62079e+10 0.00000e+00 
2.68246e-02 9.81889e+10  -9.81864e+10 0.00000e+00 
2.69608e-02 1.00198e+11  -1.00195e+11 0.00000e+00 
2.70970e-02 1.02237e+11  -1.02235e+11 0.00000e+00 
2.72331e-02 1.04308e+11  -1.04305e+11 0.00000e+00 
2.73693e-02 1.06410e+11  -1.06407e+11 0.00000e+00 
2.75055e-02 1.08543e+11  -1.08541e+11 0.00000e+00 
2.76416e-02 1.10709e+11  -1.10706e+11 0.00000e+00 
2.77778e-02 1.12906e+11  -1.12904e+11 0.00000e+00 
2.79140e-02 1.15137e+11  -1.15134e+11 0.00000e+00 
2.80501e-02 1.17400e+11  -1.17397e+11 0.00000e+00 
2.81863e-02 1.19696e+11  -1.19693e+11 0.00000e+00 
2.83225e-02 1.22026e+11  -1.22023e+11 0.00000e+00 
2.84586e-02 1.24389e+11  -1.24387e+11 0.00000e+00 
2.85948e-02 1.26787e+11  -1.26784e+11 0.00000e+00 
2.87309e-02 1.29219e+11  -1.29217e+11 0.00000e+00 
2.88671e-02 1.31687e+11  -1.31684e+11 0.00000e+00 
2.90033e-02 1.34189e+11  -1.34186e+11 0.00000e+00 
2.91394e-02 1.36727e+11  -1.36724e+11 0.00000e+00 
2.92756e-02 1.39300e+11  -1.39297e+11 0.00000e+00 
2.94118e-02 1.41910e+11  -1.41907e+11 0.00000e+00 
2.95479e-02 1.44556e+11  -1.44553e+11 0.00000e+00 
2.96841e-02 1.47240e+11  -1.47236e+11 0.00000e+00 
2.98203e-02 1.49960e+11  -1.49957e+11 0.00000e+00 
2.99564e-02 1.52718e+11  -1.52715e+11 0.00000e+00 
3.00926e-02 1.55513e+11  -1.55510e+11 0.00000e+00 
3.02288e-02 1.58347e+11  -1.58344e+11 0.00000e+00 
3.03649e-02 1.61220e+11  -1.61216e+11 0.00000e+00 
3.05011e-02 1.64131e+11  -1.64128e+11 0.00000e+00 
3.06373e-02 1.67082e+11  -1.67078e+11 0.00000e+00 
3.07734e-02 1.70072e+11  -1.70069e+11 0.00000e+00 
3.09096e-02 1.73102e+11  -1.73099e+11 0.00000e+00 
3.10458e-02 1.76173e+11  -1.76169e+11 0.00000e+00 
3.11819e-02 1.79284e+11  -1.79280e+11 0.00000e+00 
3.13181e-02 1.82436e+11  -1.82432e+11 0.00000e+00 
3.14543e-02 1.85630e+11  -1.85626e+11 0.00000e+00 
3.15904e-02 1.88865e+11  -1.88861e+11 0.00000e+00 
3.17266e-02 1.92142e+11  -1.92139e+11 0.00000e+00 
3.18628e-02 1.95462e+11  -1.95459e+11 0.00000e+00 
3.19989e-02 1.98825e+11  -1.98821e+11 0.00000e+00 
3.21351e-02 2.02231e+11  -2.02227e+11 0.00000e+00 
3.22713e-02 2.05680e+11  -2.05677e+11 0.00000e+00 
3.24074e-02 2.09174e+11  -2.09170e+11 0.00000e+00 
3.25436e-02 2.12712e+11  -2.12708e+11 0.00000e+00 
3.26798e-02 2.16294e+11  -2.16290e+11 0.00000e+00 
3.28159e-02 2.19922e+11  -2.19918e+11 0.00000e+00 
3.29521e-02 2.23594e+11  -2.23591e+11 0.00000e+00 
3.30882e-02 2.27313e+11  -2.27309e+11 0.00000e+00 
3.32244e-02 2.31078e+11  -2.31074e+11 0.00000e+00 
3.33606e-02 2.34890e+11  -2.34886e+11 0.00000e+00 
3.34967e-02 2.38748e+11  -2.38744e+11 0.00000e+00 
3.36329e-02 2.42654e+11  -2.42650e+11 0.00000e+00 
3.37691e-02 2.46608e+11  -2.46604e+11 0.00000e+00 
3.39052e-02 2.50609e+11  -2.50605e+11 0.00000e+00 
3.40414e-02 2.54660e+11  -2.54655e+11 0.00000e+00 
3.41776e-02 2.58759e+11  -2.58755e+11 0.00000e+00 
3.43137e-02 2.62907e+11  -2.62903e+11 0.00000e+00 
3.44499e-02 2.67105e+11  -2.67101e+11 0.00000e+00 
3.45861e-02 2.71353e+11  -2.71349e+11 0.00000e+00 
3.47222e-02 2.75652e+11  -2.75648e+11 0.00000e+00 
3.48584e-02 2.80001e+11  -2.79997e+11 0.00000e+00 
3.49946e-02 2.84402e+11  -2.84398e+11 0.00000e+00 
3.51307e-02 2.88855e+11  -2.88850e+11 0.00000e+00 
3.52669e-02 2.93359e+11  -2.93355e+11 0.00000e+00 
3.54031e-02 2.97916e+11  -2.97912e+11 0.00000e+00 
3.55392e-02 3.02526e+11  -3.02521e+11 0.00000e+00 
3.56754e-02 3.07189e+11  -3.07185e+11 0.00000e+00 
3.58116e-02 3.11906e+11  -3.11901e+11 0.00000e+00 
3.59477e-02 3.16677e+11  -3.16672e+11 0.00000e+00 
3.60839e-02 3.21502e+11  -3.21498e+11 0.00000e+00 
3.62201e-02 3.26383e+11  -3.26378e+11 0.00000e+00 
3.63562e-02 3.31319e+11  -3.31314e+11 0.00000e+00 
3.64924e-02 3.36310e+11  -3.36306e+11 0.00000e+00 
3.66286e-02 3.41358e+11  -3.41353e+11 0.00000e+00 
3.67647e-02 3.46462e+11  -3.46458e+11 0.00000e+00 
3.69009e-02 3.51624e+11  -3.51619e+11 0.00000e+00 
3.70371e-02 3.56843e+11  -3.56838e+11 0.00000e+00 
3.71732e-02 3.62119e+11  -3.62114e+11 0.00000e+00 
3.73094e-02 3.67454e+11  -3.67449e+11 0.00000e+00 
3.74455e-02 3.72848e+11  -3.72843e+11 0.00000e+00 
3.75817e-02 3.78301e+11  -3.78296e+11 0.00000e+00 
3.77179e-02 3.83814e+11  -3.83809e+11 0.00000e+00 
3.78540e-02 3.89386e+11  -3.89381e+11 0.00000e+00 
3.79902e-02 3.95019e+11  -3.95014e+11 0.00000e+00 
3.81264e-02 4.00713e+11  -4.00708e+11 0.00000e+00 
3.82625e-02 4.06468e+11  -4.06463e+11 0.00000e+00 
3.83987e-02 4.12285e+11  -4.12280e+11 0.00000e+00 
3.85349e-02 4.18165e+11  -4.18160e+11 0.00000e+00 
3.86710e-02 4.24107e+11  -4.24101e+11 0.00000e+00 
3.88072e-02 4.30112e+11  -4.30106e+11 0.00000e+00 
3.89434e-02 4.36180e+11  -4.36175e+11 0.00000e+00 
3.90795e-02 4.42313e+11  -4.42307e+11 0.00000e+00 
3.92157e-02 4.48510e+11  -4.48504e+11 0.00000e+00 
3.93519e-02 4.54772e+11  -4.54766e+11 0.00000e+00 
3.94880e-02 4.61099e+11  -4.61093e+11 0.00000e+00 
3.96242e-02 4.67492e+11  -4.67486e+11 0.00000e+00 
3.97604e-02 4.73951e+11  -4.73946e+11 0.00000e+00 
3.98965e-02 4.80477e+11  -4.80472e+11 0.00000e+00 
4.00327e-02 4.87070e+11  -4.87065e+11 0.00000e+00 
4.01689e-02 4.93731e+11  -4.93725e+11 0.00000e+00 
4.03050e-02 5.00460e+11  -5.00454e+11 0.00000e+00 
4.04412e-02 5.07257e+11  -5.07251e+11 0.00000e+00 
4.05774e-02 5.14124e+11  -5.14118e+11 0.00000e+00 
4.07135e-02 5.21059e+11  -5.21054e+11 0.00000e+00 
4.08497e-02 5.28065e+11  -5.28059e+11 0.00000e+00 
4.09859e-02 5.35142e+11  -5.35136e+11 0.00000e+00 
4.11220e-02 5.42289e+11  -5.42283e+11 0.00000e+00 
4.12582e-02 5.49507e+11  -5.49501e+11 0.00000e+00 
4.13944e-02 5.56797e+11  -5.56791e+11 0.00000e+00 
4.15305e-02 5.64160e+11  -5.64154e+11 0.00000e+00 
4.16667e-02 5.71595e+11  -5.71589e+11 0.00000e+00 
4.18028e-02 5.79104e+11  -5.79098e+11 0.00000e+00 
4.19390e-02 5.86686e+11  -5.86680e+11 0.00000e+00 
4.20752e-02 5.94343e+11  -5.94337e+11 0.00000e+00 
4.22113e-02 6.02074e+11  -6.02068e+11 0.00000e+00 
4.23475e-02 6.09881e+11  -6.09874e+11 0.00000e+00 
4.24837e-02 6.17763e+11  -6.17756e+11 0.00000e+00 
4.26198e-02 6.25721e+11  -6.25715e+11 0.00000e+00 
4.27560e-02 6.33756e+11  -6.33749e+11 0.00000e+00 
4.28922e-02 6.41868e+11  -6.41862e+11 0.00000e+00 
4.30283e-02 6.50058e+11  -6.50051e+11 0.00000e+00 
4.31645e-02 6.58325e+11  -6.58319e+11 0.00000e+00 
4.33007e-02 6.66672e+11  -6.66665e+11 0.00000e+00 
4.34368e-02 6.75097e+11  -6.75091e+11 0.00000e+00 
4.35730e-02 6.83603e+11  -6.83596e+11 0.00000e+00 
4.37092e-02 6.92188e+11  -6.92181e+11 0.00000e+00 
4.38453e-02 7.00854e+11  -7.00847e+11 0.00000e+00 
4.39815e-02 7.09601e+11  -7.09594e+11 0.00000e+00 
4.41177e-02 7.18429e+11  -7.18423e+11 0.00000e+00 
4.42538e-02 7.27340e+11  -7.27333e+11 0.00000e+00 
4.43900e-02 7.36334e+11  -7.36327e+11 0.00000e+00 
4.45262e-02 7.45410e+11  -7.45403e+11 0.00000e+00 
4.46623e-02 7.54570e+11  -7.54563e+11 0.00000e+00 
4.47985e-02 7.63815e+11  -7.63808e+11 0.00000e+00 
4.49347e-02 7.73144e+11  -7.73137e+11 0.00000e+00 
4.50708e-02 7.82558e+11  -7.82551e+11 0.00000e+00 
4.52070e-02 7.92058e+11  -7.92051e+11 0.00000e+00 
4.53432e-02 8.01644e+11  -8.01637e+11 0.00000e+00 
4.54793e-02 8.11317e+11  -8.11310e+11 0.00000e+00 
4.56155e-02 8.21077e+11  -8.21070e+11 0.00000e+00 
4.57517e-02 8.30925e+11  -8.30918e+11 0.00000e+00 
4.58878e-02 8.40862e+11  -8.40854e+11 0.00000e+00 
4.60240e-02 8.50887e+11  -8.50879e+11 0.00000e+00 
4.61601e-02 8.61001e+11  -8.60994e+11 0.00000e+00 
4.62963e-02 8.71206e+11  -8.71198e+11 0.00000e+00 
4.64325e-02 8.81501e+11  -8.81493e+11 0.00000e+00 
4.65686e-02 8.91887e+11  -8.91879e+11 0.00000e+00 
4.67048e-02 9.02364e+11  -9.02356e+11 0.00000e+00 
4.68410e-02 9.12933e+11  -9.12926e+11 0.00000e+00 
4.69771e-02 9.23595e+11  -9.23588e+11 0.00000e+00 
4.71133e-02 9.34351e+11  -9.34343e+11 0.00000e+00 
4.72495e-02 9.45199e+11  -9.45192e+11 0.00000e+00 
4.73856e-02 9.56142e+11  -9.56135e+11 0.00000e+00 
4.75218e-02 9.67180e+11  -9.67172e+11 0.00000e+00 
4.76580e-02 9.78313e+11  -9.78305e+11 0.00000e+00 
4.77941e-02 9.89542e+11  -9.89534e+11 0.00000e+00 
4.79303e-02 1.00087e+12  -1.00086e+12 0.00000e+00 
4.80665e-02 1.01229e+12  -1.01228e+12 0.00000e+00 
4.82026e-02 1.02381e+12  -1.02380e+12 0.00000e+00 
4.83388e-02 1.03543e+12  -1.03542e+12 0.00000e+00 
4.84750e-02 1.04714e+12  -1.04714e+12 0.00000e+00 
4.86111e-02 1.05896e+12  -1.05895e+12 0.00000e+00 
4.87473e-02 1.07087e+12  -1.07087e+12 0.00000e+00 
4.88835e-02 1.08289e+12  -1.08288e+12 0.00000e+00 
4.90196e-02 1.09501e+12  -1.09500e+12 0.00000e+00 
4.91558e-02 1.10722e+12  -1.10722e+12 0.00000e+00 
4.92920e-02 1.11954e+12  -1.11953e+12 0.00000e+00 
4.94281e-02 1.13197e+12  -1.13196e+12 0.00000e+00 
4.95643e-02 1.14449e+12  -1.14448e+12 0.00000e+00 
4.97005e-02 1.15712e+12  -1.15711e+12 0.00000e+00 
4.98366e-02 1.16985e+12  -1.16984e+12 0.00000e+00 
4.99728e-02 1.18269e+12  -1.18268e+12 0.00000e+00 
5.01090e-02 1.19563e+12  -1.19563e+12 0.00000e+00 
5.02451e-02 1.20868e+12  -1.20867e+12 0.00000e+00 
5.03813e-02 1.22184e+12  -1.22183e+12 0.00000e+00 
5.05174e-02 1.23510e+12  -1.23509e+12 0.00000e+00 
5.06536e-02 1.24847e+12  -1.24846e+12 0.00000e+00 
5.07898e-02 1.26195e+12  -1.26194e+12 0.00000e+00 
5.09259e-02 1.27554e+12  -1.27553e+12 0.00000e+00 
5.10621e-02 1.28924e+12  -1.28923e+12 0.00000e+00 
5.11983e-02 1.30304e+12  -1.30303e+12 0.00000e+00 
5.13344e-02 1.31696e+12  -1.31695e+12 0.00000e+00 
5.14706e-02 1.33099e+12  -1.33098e+12 0.00000e+00 
5.16068e-02 1.34513e+12  -1.34512e+12 0.00000e+00 
5.17429e-02 1.35938e+12  -1.35937e+12 0.00000e+00 
5.18791e-02 1.37375e+12  -1.37374e+12 0.00000e+00 
5.20153e-02 1.38823e+12  -1.38822e+12 0.00000e+00 
5.21514e-02 1.40282e+12  -1.40281e+12 0.00000e+00 
5.22876e-02 1.41753e+12  -1.41752e+12 0.00000e+00 
5.24238e-02 1.43236e+12  -1.43235e+12 0.00000e+00 
5.25599e-02 1.44730e+12  -1.44729e+12 0.00000e+00 
5.26961e-02 1.46235e+12  -1.46234e+12 0.00000e+00 
5.28323e-02 1.47753e+12  -1.47752e+12 0.00000e+00 
5.29684e-02 1.49282e+12  -1.49281e+12 0.00000e+00 
5.31046e-02 1.50823e+12  -1.50822e+12 0.00000e+00 
5.32408e-02 1.52376e+12  -1.52375e+12 0.00000e+00 
5.33769e-02 1.53941e+12  -1.53940e+12 0.00000e+00 
5.35131e-02 1.55517e+12  -1.55516e+12 0.00000e+00 
5.36493e-02 1.57106e+12  -1.57105e+12 0.00000e+00 
5.37854e-02 1.58707e+12  -1.58706e+12 0.00000e+00 
5.39216e-02 1.60321e+12  -1.60320e+12 0.00000e+00 
5.40578e-02 1.61946e+12  -1.61945e+12 0.00000e+00 
5.41939e-02 1.63584e+12  -1.63583e+12 0.00000e+00 
5.43301e-02 1.65235e+12  -1.65234e+12 0.00000e+00 
5.44663e-02 1.66897e+12  -1.66896e+12 0.00000e+00 
5.46024e-02 1.68573e+12  -1.68572e+12 0.00000e+00 
5.47386e-02 1.70260e+12  -1.70259e+12 0.00000e+00 
5.48747e-02 1.71961e+12  -1.71960e+12 0.00000e+00 
5.50109e-02 1.73674e+12  -1.73673e+12 0.00000e+00 
5.51471e-02 1.75400e+12  -1.75399e+12 0.00000e+00 
5.52832e-02 1.77139e+12  -1.77138e+12 0.00000e+00 
5.54194e-02 1.78891e+12  -1.78890e+12 0.00000e+00 
5.55556e-02 1.80655e+12  -1.80654e+12 0.00000e+00 
5.56917e-02 1.82433e+12  -1.82432e+12 0.00000e+00 
5.58279e-02 1.84224e+12  -1.84223e+12 0.00000e+00 
5.59641e-02 1.86028e+12  -1.86027e+12 0.00000e+00 
5.61002e-02 1.87845e+12  -1.87844e+12 0.00000e+00 
5.62364e-02 1.89675e+12  -1.89674e+12 0.00000e+00 
5.63726e-02 1.91519e+12  -1.91518e+12 0.00000e+00 
5.65087e-02 1.93376e+12  -1.93375e+12 0.00000e+00 
5.66449e-02 1.95247e+12  -1.95246e+12 0.00000e+00 
5.67811e-02 1.97131e+12  -1.97130e+12 0.00000e+00 
5.69172e-02 1.99029e+12  -1.99028e+12 0.00000e+00 
5.70534e-02 2.00940e+12  -2.00939e+12 0.00000e+00 
5.71896e-02 2.02865e+12  -2.02864e+12 0.00000e+00 
5.73257e-02 2.04804e+12  -2.04803e+12 0.00000e+00 
5.74619e-02 2.06757e+12  -2.06756e+12 0.00000e+00 
5.75981e-02 2.08724e+12  -2.08723e+12 0.00000e+00 
5.77342e-02 2.10705e+12  -2.10704e+12 0.00000e+00 
5.78704e-02 2.12700e+12  -2.12699e+12 0.00000e+00 
5.80066e-02 2.14709e+12  -2.14708e+12 0.00000e+00 
5.81427e-02 2.16732e+12  -2.16731e+12 0.00000e+00 
5.82789e-02 2.18769e+12  -2.18768e+12 0.00000e+00 
5.84151e-02 2.20821e+12  -2.20820e+12 0.00000e+00 
5.85512e-02 2.22887e+12  -2.22886e+12 0.00000e+00 
5.86874e-02 2.24968e+12  -2.24967e+12 0.00000e+00 
5.88236e-02 2.27063e+12  -2.27062e+12 0.00000e+00 
5.89597e-02 2.29173e+12  -2.29172e+12 0.00000e+00 
5.90959e-02 2.31298e+12  -2.31296e+12 0.00000e+00 
5.92320e-02 2.33437e+12  -2.33436e+12 0.00000e+00 
5.93682e-02 2.35591e+12  -2.35589e+12 0.00000e+00 
5.95044e-02 2.37760e+12  -2.37758e+12 0.00000e+00 
5.96405e-02 2.39943e+12  -2.39942e+12 0.00000e+00 
5.97767e-02 2.42142e+12  -2.42141e+12 0.00000e+00 
5.99129e-02 2.44356e+12  -2.44355e+12 0.00000e+00 
6.00490e-02 2.46585e+12  -2.46584e+12 0.00000e+00 
6.01852e-02 2.48829e+12  -2.48828e+12 0.00000e+00 
6.03214e-02 2.51089e+12  -2.51088e+12 0.00000e+00 
6.04575e-02 2.53364e+12  -2.53363e+12 0.00000e+00 
6.05937e-02 2.55654e+12  -2.55653e+12 0.00000e+00 
6.07299e-02 2.57960e+12  -2.57959e+12 0.00000e+00 
6.08660e-02 2.60281e+12  -2.60280e+12 0.00000e+00 
6.10022e-02 2.62619e+12  -2.62617e+12 0.00000e+00 
6.11384e-02 2.64971e+12  -2.64970e+12 0.00000e+00 
6.12745e-02 2.67340e+12  -2.67338e+12 0.00000e+00 
6.14107e-02 2.69724e+12  -2.69723e+12 0.00000e+00 
6.15469e-02 2.72124e+12  -2.72123e+12 0.00000e+00 
6.16830e-02 2.74541e+12  -2.74539e+12 0.00000e+00 
6.18192e-02 2.76973e+12  -2.76972e+12 0.00000e+00 
6.19554e-02 2.79421e+12  -2.79420e+12 0.00000e+00 
6.20915e-02 2.81886e+12  -2.81885e+12 0.00000e+00 
6.22277e-02 2.84367e+12  -2.84365e+12 0.00000e+00 
6.23639e-02 2.86864e+12  -2.86863e+12 0.00000e+00 
6.25000e-02 2.89378e+12  -2.89376e+12 0.00000e+00 
6.26362e-02 2.91908e+12  -2.91906e+12 0.00000e+00 
6.27724e-02 2.94454e+12  -2.94453e+12 0.00000e+00 
6.29085e-02 2.97018e+12  -2.97016e+12 0.00000e+00 
6.30447e-02 2.99598e+12  -2.99596e+12 0.00000e+00 
6.31809e-02 3.02195e+12  -3.02193e+12 0.00000e+00 
6.33170e-02 3.04808e+12  -3.04807e+12 0.00000e+00 
6.34532e-02 3.07439e+12  -3.07437e+12 0.00000e+00 
6.35893e-02 3.10086e+12  -3.10085e+12 0.00000e+00 
6.37255e-02 3.12751e+12  -3.12749e+12 0.00000e+00 
6.38617e-02 3.15433e+12  -3.15431e+12 0.00000e+00 
6.39978e-02 3.18131e+12  -3.18130e+12 0.00000e+00 
6.41340e-02 3.20848e+12  -3.20846e+12 0.00000e+00 
6.42702e-02 3.23581e+12  -3.23580e+12 0.00000e+00 
6.44063e-02 3.26332e+12  -3.26331e+12 0.00000e+00 
6.45425e-02 3.29101e+12  -3.29099e+12 0.00000e+00 
6.46787e-02 3.31887e+12  -3.31885e+12 0.00000e+00 
6.48148e-02 3.34691e+12  -3.34689e+12 0.00000e+00 
6.49510e-02 3.37512e+12  -3.37511e+12 0.00000e+00 
6.50872e-02 3.40351e+12  -3.40350e+12 0.00000e+00 
6.52233e-02 3.43209e+12  -3.43207e+12 0.00000e+00 
6.53595e-02 3.46084e+12  -3.46082e+12 0.00000e+00 
6.54957e-02 3.48977e+12  -3.48975e+12 0.00000e+00 
6.56318e-02 3.51888e+12  -3.51887e+12 0.00000e+00 
6.57680e-02 3.54817e+12  -3.54816e+12 0.00000e+00 
6.59042e-02 3.57765e+12  -3.57764e+12 0.00000e+00 
6.60403e-02 3.60731e+12  -3.60730e+12 0.00000e+00 
6.61765e-02 3.63715e+12  -3.63714e+12 0.00000e+00 
6.63127e-02 3.66718e+12  -3.66717e+12 0.00000e+00 
6.64488e-02 3.69740e+12  -3.69738e+12 0.00000e+00 
6.65850e-02 3.72780e+12  -3.72778e+12 0.00000e+00 
6.67212e-02 3.75839e+12  -3.75837e+12 0.00000e+00 
6.68573e-02 3.78916e+12  -3.78915e+12 0.00000e+00 
6.69935e-02 3.82013e+12  -3.82011e+12 0.00000e+00 
6.71297e-02 3.85128e+12  -3.85126e+12 0.00000e+00 
6.72658e-02 3.88262e+12  -3.88261e+12 0.00000e+00 
6.74020e-02 3.91416e+12  -3.91414e+12 0.00000e+00 
6.75382e-02 3.94588e+12  -3.94587e+12 0.00000e+00 
6.76743e-02 3.97780e+12  -3.97779e+12 0.00000e+00 
6.78105e-02 4.00992e+12  -4.00990e+12 0.00000e+00 
6.79466e-02 4.04222e+12  -4.04221e+12 0.00000e+00 
6.80828e-02 4.07472e+12  -4.07471e+12 0.00000e+00 
6.82190e-02 4.10742e+12  -4.10740e+12 0.00000e+00 
6.83551e-02 4.14031e+12  -4.14030e+12 0.00000e+00 
6.84913e-02 4.17340e+12  -4.17339e+12 0.00000e+00 
6.86275e-02 4.20669e+12  -4.20667e+12 0.00000e+00 
6.87636e-02 4.24018e+12  -4.24016e+12 0.00000e+00 
6.88998e-02 4.27386e+12  -4.27385e+12 0.00000e+00 
6.90360e-02 4.30775e+12  -4.30773e+12 0.00000e+00 
6.91721e-02 4.34184e+12  -4.34182e+12 0.00000e+00 
6.93083e-02 4.37613e+12  -4.37611e+12 0.00000e+00 
6.94445e-02 4.41062e+12  -4.41060e+12 0.00000e+00 
6.95806e-02 4.44532e+12  -4.44530e+12 0.00000e+00 
6.97168e-02 4.48022e+12  -4.48020e+12 0.00000e+00 
6.98530e-02 4.51532e+12  -4.51531e+12 0.00000e+00 
6.99891e-02 4.55063e+12  -4.55062e+12 0.00000e+00 
7.01253e-02 4.58615e+12  -4.58613e+12 0.00000e+00 
7.02615e-02 4.62188e+12  -4.62186e+12 0.00000e+00 
7.03976e-02 4.65781e+12  -4.65779e+12 0.00000e+00 
7.05338e-02 4.69395e+12  -4.69394e+12 0.00000e+00 
7.06700e-02 4.73031e+12  -4.73029e+12 0.00000e+00 
7.08061e-02 4.76687e+12  -4.76685e+12 0.00000e+00 
7.09423e-02 4.80365e+12  -4.80363e+12 0.00000e+00 
7.10785e-02 4.84063e+12  -4.84062e+12 0.00000e+00 
7.12146e-02 4.87783e+12  -4.87782e+12 0.00000e+00 
7.13508e-02 4.91525e+12  -4.91523e+12 0.00000e+00 
7.14870e-02 4.95288e+12  -4.95286e+12 0.00000e+00 
7.16231e-02 4.99072e+12  -4.99071e+12 0.00000e+00 
7.17593e-02 5.02879e+12  -5.02877e+12 0.00000e+00 
7.18955e-02 5.06707e+12  -5.06705e+12 0.00000e+00 
7.20316e-02 5.10556e+12  -5.10554e+12 0.00000e+00 
7.21678e-02 5.14428e+12  -5.14426e+12 0.00000e+00 
7.23039e-02 5.18321e+12  -5.18320e+12 0.00000e+00 
7.24401e-02 5.22237e+12  -5.22235e+12 0.00000e+00 
7.25763e-02 5.26175e+12  -5.26173e+12 0.00000e+00 
7.27124e-02 5.30135e+12  -5.30133e+12 0.00000e+00 
7.28486e-02 5.34117e+12  -5.34115e+12 0.00000e+00 
7.29848e-02 5.38122e+12  -5.38120e+12 0.00000e+00 
7.31209e-02 5.42149e+12  -5.42147e+12 0.00000e+00 
7.32571e-02 5.46199e+12  -5.46197e+12 0.00000e+00 
7.33933e-02 5.50271e+12  -5.50270e+12 0.00000e+00 
7.35294e-02 5.54367e+12  -5.54365e+12 0.00000e+00 
7.36656e-02 5.58485e+12  -5.58483e+12 0.00000e+00 
7.38018e-02 5.62625e+12  -5.62624e+12 0.00000e+00 
7.39379e-02 5.66789e+12  -5.66787e+12 0.00000e+00 
7.40741e-02 5.70976e+12  -5.70974e+12 0.00000e+00 
7.42103e-02 5.75186e+12  -5.75184e+12 0.00000e+00 
7.43464e-02 5.79420e+12  -5.79418e+12 0.00000e+00 
7.44826e-02 5.83676e+12  -5.83674e+12 0.00000e+00 
7.46188e-02 5.87956e+12  -5.87954e+12 0.00000e+00 
7.47549e-02 5.92260e+12  -5.92258e+12 0.00000e+00 
7.48911e-02 5.96587e+12  -5.96585e+12 0.00000e+00 
7.50273e-02 6.00938e+12  -6.00936e+12 0.00000e+00 
7.51634e-02 6.05312e+12  -6.05310e+12 0.00000e+00 
7.52996e-02 6.09711e+12  -6.09709e+12 0.00000e+00 
7.54358e-02 6.14133e+12  -6.14131e+12 0.00000e+00 
7.55719e-02 6.18580e+12  -6.18578e+12 0.00000e+00 
7.57081e-02 6.23050e+12  -6.23048e+12 0.00000e+00 
7.58443e-02 6.27545e+12  -6.27543e+12 0.00000e+00 
7.59804e-02 6.32064e+12  -6.32062e+12 0.00000e+00 
7.61166e-02 6.36607e+12  -6.36605e+12 0.00000e+00 
7.62528e-02 6.41175e+12  -6.41172e+12 0.00000e+00 
7.63889e-02 6.45767e+12  -6.45765e+12 0.00000e+00 
7.65251e-02 6.50384e+12  -6.50382e+12 0.00000e+00 
7.66612e-02 6.55025e+12  -6.55023e+12 0.00000e+00 
7.67974e-02 6.59692e+12  -6.59690e+12 0.00000e+00 
7.69336e-02 6.64383e+12  -6.64381e+12 0.00000e+00 
7.70697e-02 6.69099e+12  -6.69097e+12 0.00000e+00 
7.72059e-02 6.73841e+12  -6.73838e+12 0.00000e+00 
7.73421e-02 6.78607e+12  -6.78605e+12 0.00000e+00 
7.74782e-02 6.83399e+12  -6.83397e+12 0.00000e+00 
7.76144e-02 6.88216e+12  -6.88214e+12 0.00000e+00 
7.77506e-02 6.93058e+12  -6.93056e+12 0.00000e+00 
7.78867e-02 6.97926e+12  -6.97924e+12 0.00000e+00 
7.80229e-02 7.02820e+12  -7.02818e+12 0.00000e+00 
7.81591e-02 7.07739e+12  -7.07737e+12 0.00000e+00 
7.82952e-02 7.12684e+12  -7.12682e+12 0.00000e+00 
7.84314e-02 7.17655e+12  -7.17653e+12 0.00000e+00 
7.85676e-02 7.22652e+12  -7.22650e+12 0.00000e+00 
7.87037e-02 7.27675e+12  -7.27673e+12 0.00000e+00 
7.88399e-02 7.32724e+12  -7.32722e+12 0.00000e+00 
7.89761e-02 7.37799e+12  -7.37797e+12 0.00000e+00 
7.91122e-02 7.42901e+12  -7.42899e+12 0.00000e+00 
7.92484e-02 7.48029e+12  -7.48027e+12 0.00000e+00 
7.93846e-02 7.53184e+12  -7.53181e+12 0.00000e+00 
7.95207e-02 7.58365e+12  -7.58363e+12 0.00000e+00 
7.96569e-02 7.63573e+12  -7.63570e+12 0.00000e+00 
7.97931e-02 7.68807e+12  -7.68805e+12 0.00000e+00 
7.99292e-02 7.74069e+12  -7.74067e+12 0.00000e+00 
8.00654e-02 7.79357e+12  -7.79355e+12 0.00000e+00 
8.02016e-02 7.84673e+12  -7.84670e+12 0.00000e+00 
8.03377e-02 7.90015e+12  -7.90013e+12 0.00000e+00 
8.04739e-02 7.95385e+12  -7.95383e+12 0.00000e+00 
8.06101e-02 8.00782e+12  -8.00780e+12 0.00000e+00 
8.07462e-02 8.06207e+12  -8.06205e+12 0.00000e+00 
8.08824e-02 8.11659e+12  -8.11657e+12 0.00000e+00 
8.10185e-02 8.17139e+12  -8.17137e+12 0.00000e+00 
8.11547e-02 8.22646e+12  -8.22644e+12 0.00000e+00 
8.12909e-02 8.28182e+12  -8.28179e+12 0.00000e+00 
8.14270e-02 8.33745e+12  -8.33742e+12 0.00000e+00 
8.15632e-02 8.39336e+12  -8.39334e+12 0.00000e+00 
8.16994e-02 8.44955e+12  -8.44953e+12 0.00000e+00 
8.18355e-02 8.50602e+12  -8.50600e+12 0.00000e+00 
8.19717e-02 8.56278e+12  -8.56276e+12 0.00000e+00 
8.21079e-02 8.61982e+12  -8.61980e+12 0.00000e+00 
8.22440e-02 8.67714e+12  -8.67712e+12 0.00000e+00 
8.23802e-02 8.73475e+12  -8.73473e+12 0.00000e+00 
8.25164e-02 8.79265e+12  -8.79263e+12 0.00000e+00 
8.26525e-02 8.85083e+12  -8.85081e+12 0.00000e+00 
8.27887e-02 8.90931e+12  -8.90928e+12 0.00000e+00 
8.29249e-02 8.96807e+12  -8.96804e+12 0.00000e+00 
8.30610e-02 9.02712e+12  -9.02709e+12 0.00000e+00 
8.31972e-02 9.08646e+12  -9.08644e+12 0.00000e+00 
8.33334e-02 9.14610e+12  -9.14607e+12 0.00000e+00 
8.34695e-02 9.20602e+12  -9.20600e+12 0.00000e+00 
8.36057e-02 9.26624e+12  -9.26622e+12 0.00000e+00 
8.37419e-02 9.32676e+12  -9.32674e+12 0.00000e+00 
8.38780e-02 9.38757e+12  -9.38755e+12 0.00000e+00 
8.40142e-02 9.44868e+12  -9.44866e+12 0.00000e+00 
8.41504e-02 9.51009e+12  -9.51007e+12 0.00000e+00 
8.42865e-02 9.57180e+12  -9.57177e+12 0.00000e+00 
8.44227e-02 9.63380e+12  -9.63378e+12 0.00000e+00 
8.45589e-02 9.69611e+12  -9.69608e+12 0.00000e+00 
8.46950e-02 9.75872e+12  -9.75869e+12 0.00000e+00 
8.48312e-02 9.82163e+12  -9.82160e+12 0.00000e+00 
8.49674e-02 9.88484e+12  -9.88482e+12 0.00000e+00 
8.51035e-02 9.94836e+12  -9.94834e+12 0.00000e+00 
8.52397e-02 1.00122e+13  -1.00122e+13 0.00000e+00 
8.53758e-02 1.00763e+13  -1.00763e+13 0.00000e+00 
8.55120e-02 1.01408e+13  -1.01407e+13 0.00000e+00 
8.56482e-02 1.02055e+13  -1.02055e+13 0.00000e+00 
8.57843e-02 1.02706e+13  -1.02705e+13 0.00000e+00 
8.59205e-02 1.03359e+13  -1.03359e+13 0.00000e+00 
8.60567e-02 1.04016e+13  -1.04016e+13 0.00000e+00 
8.61928e-02 1.04676e+13  -1.04676e+13 0.00000e+00 
8.63290e-02 1.05339e+13  -1.05339e+13 0.00000e+00 
8.64652e-02 1.06005e+13  -1.06005e+13 0.00000e+00 
8.66013e-02 1.06675e+13  -1.06674e+13 0.00000e+00 
8.67375e-02 1.07347e+13  -1.07347e+13 0.00000e+00 
8.68737e-02 1.08023e+13  -1.08023e+13 0.00000e+00 
8.70098e-02 1.08702e+13  -1.08702e+13 0.00000e+00 
8.71460e-02 1.09384e+13  -1.09384e+13 0.00000e+00 
8.72822e-02 1.10069e+13  -1.10069e+13 0.00000e+00 
8.74183e-02 1.10758e+13  -1.10757e+13 0.00000e+00 
8.75545e-02 1.11449e+13  -1.11449e+13 0.00000e+00 
8.76907e-02 1.12144e+13  -1.12144e+13 0.00000e+00 
8.78268e-02 1.12843e+13  -1.12842e+13 0.00000e+00 
8.79630e-02 1.13544e+13  -1.13544e+13 0.00000e+00 
8.80992e-02 1.14249e+13  -1.14248e+13 0.00000e+00 
8.82353e-02 1.14957e+13  -1.14956e+13 0.00000e+00 
8.83715e-02 1.15668e+13  -1.15668e+13 0.00000e+00 
8.85077e-02 1.16383e+13  -1.16382e+13 0.00000e+00 
8.86438e-02 1.17100e+13  -1.17100e+13 0.00000e+00 
8.87800e-02 1.17822e+13  -1.17821e+13 0.00000e+00 
8.89162e-02 1.18546e+13  -1.18546e+13 0.00000e+00 
8.90523e-02 1.19274e+13  -1.19274e+13 0.00000e+00 
8.91885e-02 1.20005e+13  -1.20005e+13 0.00000e+00 
8.93247e-02 1.20740e+13  -1.20740e+13 0.00000e+00 
8.94608e-02 1.21478e+13  -1.21478e+13 0.00000e+00 
8.95970e-02 1.22219e+13  -1.22219e+13 0.00000e+00 
8.97331e-02 1.22964e+13  -1.22964e+13 0.00000e+00 
8.98693e-02 1.23712e+13  -1.23712e+13 0.00000e+00 
9.00055e-02 1.24463e+13  -1.24463e+13 0.00000e+00 
9.01416e-02 1.25218e+13  -1.25218e+13 0.00000e+00 
9.02778e-02 1.25977e+13  -1.25976e+13 0.00000e+00 
9.04140e-02 1.26739e+13  -1.26738e+13 0.00000e+00 
9.05501e-02 1.27504e+13  -1.27504e+13 0.00000e+00 
9.06863e-02 1.28273e+13  -1.28272e+13 0.00000e+00 
9.08225e-02 1.29045e+13  -1.29044e+13 0.00000e+00 
9.09586e-02 1.29820e+13  -1.29820e+13 0.00000e+00 
9.10948e-02 1.30600e+13  -1.30599e+13 0.00000e+00 
9.12310e-02 1.31382e+13  -1.31382e+13 0.00000e+00 
9.13671e-02 1.32168e+13  -1.32168e+13 0.00000e+00 
9.15033e-02 1.32958e+13  -1.32958e+13 0.00000e+00 
9.16395e-02 1.33751e+13  -1.33751e+13 0.00000e+00 
9.17756e-02 1.34548e+13  -1.34548e+13 0.00000e+00 
9.19118e-02 1.35348e+13  -1.35348e+13 0.00000e+00 
9.20480e-02 1.36152e+13  -1.36152e+13 0.00000e+00 
9.21841e-02 1.36960e+13  -1.36959e+13 0.00000e+00 
9.23203e-02 1.37771e+13  -1.37770e+13 0.00000e+00 
9.24565e-02 1.38585e+13  -1.38585e+13 0.00000e+00 
9.25926e-02 1.39404e+13  -1.39403e+13 0.00000e+00 
9.27288e-02 1.40226e+13  -1.40225e+13 0.00000e+00 
9.28650e-02 1.41051e+13  -1.41051e+13 0.00000e+00 
9.30011e-02 1.41880e+13  -1.41880e+13 0.00000e+00 
9.31373e-02 1.42713e+13  -1.42713e+13 0.00000e+00 
9.32735e-02 1.43549e+13  -1.43549e+13 0.00000e+00 
9.34096e-02 1.44390e+13  -1.44389e+13 0.00000e+00 
9.35458e-02 1.45233e+13  -1.45233e+13 0.00000e+00 
9.36820e-02 1.46081e+13  -1.46081e+13 0.00000e+00 
9.38181e-02 1.46932e+13  -1.46932e+13 0.00000e+00 
9.39543e-02 1.47787e+13  -1.47787e+13 0.00000e+00 
9.40904e-02 1.48646e+13  -1.48645e+13 0.00000e+00 
9.42266e-02 1.49508e+13  -1.49508e+13 0.00000e+00 
9.43628e-02 1.50374e+13  -1.50374e+13 0.00000e+00 
9.44989e-02 1.51244e+13  -1.51244e+13 0.00000e+00 
9.46351e-02 1.52118e+13  -1.52117e+13 0.00000e+00 
9.47713e-02 1.52995e+13  -1.52995e+13 0.00000e+00 
9.49074e-02 1.53876e+13  -1.53876e+13 0.00000e+00 
9.50436e-02 1.54761e+13  -1.54761e+13 0.00000e+00 
9.51798e-02 1.55650e+13  -1.55650e+13 0.00000e+00 
9.53159e-02 1.56543e+13  -1.56543e+13 0.00000e+00 
9.54521e-02 1.57439e+13  -1.57439e+13 0.00000e+00 
9.55883e-02 1.58340e+13  -1.58339e+13 0.00000e+00 
9.57244e-02 1.59244e+13  -1.59244e+13 0.00000e+00 
9.58606e-02 1.60152e+13  -1.60152e+13 0.00000e+00 
9.59968e-02 1.61064e+13  -1.61064e+13 0.00000e+00 
9.61329e-02 1.61980e+13  -1.61979e+13 0.00000e+00 
9.62691e-02 1.62899e+13  -1.62899e+13 0.00000e+00 
9.64053e-02 1.63823e+13  -1.63823e+13 0.00000e+00 
9.65414e-02 1.64751e+13  -1.64750e+13 0.00000e+00 
9.66776e-02 1.65682e+13  -1.65682e+13 0.00000e+00 
9.68138e-02 1.66618e+13  -1.66617e+13 0.00000e+00 
9.69499e-02 1.67557e+13  -1.67557e+13 0.00000e+00 
9.70861e-02 1.68500e+13  -1.68500e+13 0.00000e+00 
9.72223e-02 1.69448e+13  -1.69447e+13 0.00000e+00 
9.73584e-02 1.70399e+13  -1.70399e+13 0.00000e+00 
9.74946e-02 1.71354e+13  -1.71354e+13 0.00000e+00 
9.76308e-02 1.72314e+13  -1.72313e+13 0.00000e+00 
9.77669e-02 1.73277e+13  -1.73277e+13 0.00000e+00 
9.79031e-02 1.74245e+13  -1.74244e+13 0.00000e+00 
9.80393e-02 1.75216e+13  -1.75216e+13 0.00000e+00 
9.81754e-02 1.76192e+13  -1.76191e+13 0.00000e+00 
9.83116e-02 1.77171e+13  -1.77171e+13 0.00000e+00 
9.84477e-02 1.78155e+13  -1.78154e+13 0.00000e+00 
9.85839e-02 1.79143e+13  -1.79142e+13 0.00000e+00 
9.87201e-02 1.80134e+13  -1.80134e+13 0.00000e+00 
9.88562e-02 1.81130e+13  -1.81130e+13 0.00000e+00 
9.89924e-02 1.82130e+13  -1.82130e+13 0.00000e+00 
9.91286e-02 1.83135e+13  -1.83134e+13 0.00000e+00 
9.92647e-02 1.84143e+13  -1.84143e+13 0.00000e+00 
9.94009e-02 1.85156e+13  -1.85155e+13 0.00000e+00 
9.95371e-02 1.86172e+13  -1.86172e+13 0.00000e+00 
9.96732e-02 1.87193e+13  -1.87193e+13 0.00000e+00 
9.98094e-02 1.88218e+13  -1.88218e+13 0.00000e+00 
9.99456e-02 1.89247e+13  -1.89247e+13 0.00000e+00 
