
step = 1     time = 0.00e+00     dt = 1.58e-04
Acc
 0.0000E+00  0.0000E+00  0.0000E+00 
 0.0000E+00  0.0000E+00  0.0000E+00 
 0.0000E+00  0.0000E+00  0.0000E+00 
 0.0000E+00  0.0000E+00  0.0000E+00 
 0.0000E+00  0.0000E+00  0.0000E+00 
 0.0000E+00  0.0000E+00  0.0000E+00 
 0.0000E+00  0.0000E+00  0.0000E+00 
 0.0000E+00  0.0000E+00  0.0000E+00 
Vel
 0.0000E+00  0.0000E+00  0.0000E+00 
 0.0000E+00  0.0000E+00  0.0000E+00 
 0.0000E+00  0.0000E+00  0.0000E+00 
 0.0000E+00  0.0000E+00  0.0000E+00 
 0.0000E+00  0.0000E+00  0.0000E+00 
 0.0000E+00  0.0000E+00  0.0000E+00 
 0.0000E+00  0.0000E+00  0.0000E+00 
 0.0000E+00  0.0000E+00  0.0000E+00 
Displacment
 0.0000E+00  0.0000E+00  0.0000E+00 
 0.0000E+00  0.0000E+00  0.0000E+00 
 0.0000E+00  0.0000E+00  0.0000E+00 
 0.0000E+00  0.0000E+00  0.0000E+00 
 0.0000E+00  0.0000E+00  0.0000E+00 
 0.0000E+00  0.0000E+00  0.0000E+00 
 0.0000E+00  0.0000E+00  0.0000E+00 
 0.0000E+00  0.0000E+00  0.0000E+00 

step = 2     time = 1.58e-04     dt = 1.58e-04
Acc
 1.8699E+03  4.3625E+03  1.8699E+03 
-1.8699E+03  4.3625E+03  1.8699E+03 
 1.8699E+03 -4.3625E+03  1.8699E+03 
-1.8699E+03 -4.3625E+03  1.8699E+03 
 1.8699E+03  4.3625E+03 -1.8699E+03 
-1.8699E+03  4.3625E+03 -1.8699E+03 
 1.8699E+03 -4.3625E+03 -1.8699E+03 
-1.8699E+03 -4.3625E+03 -1.8699E+03 
Vel
 1.4771E-01  3.4462E-01  1.4771E-01 
-1.4771E-01  3.4462E-01  1.4771E-01 
 1.4771E-01 -3.4462E-01  1.4771E-01 
-1.4771E-01 -3.4462E-01  1.4771E-01 
 1.4771E-01  3.4462E-01 -1.4771E-01 
-1.4771E-01  3.4462E-01 -1.4771E-01 
 1.4771E-01 -3.4462E-01 -1.4771E-01 
-1.4771E-01 -3.4462E-01 -1.4771E-01 
Displacment
 0.0000E+00  0.0000E+00  0.0000E+00 
 0.0000E+00  0.0000E+00  0.0000E+00 
 0.0000E+00  0.0000E+00  0.0000E+00 
 0.0000E+00  0.0000E+00  0.0000E+00 
 0.0000E+00  0.0000E+00  0.0000E+00 
 0.0000E+00  0.0000E+00  0.0000E+00 
 0.0000E+00  0.0000E+00  0.0000E+00 
 0.0000E+00  0.0000E+00  0.0000E+00 

step = 3     time = 3.16e-04     dt = 1.58e-04
Acc
-6.8196E+03  4.6267E+01 -6.8196E+03 
 6.8196E+03  4.6267E+01 -6.8196E+03 
-6.8196E+03 -4.6267E+01 -6.8196E+03 
 6.8196E+03 -4.6267E+01 -6.8196E+03 
-6.8196E+03  4.6267E+01  6.8196E+03 
 6.8196E+03  4.6267E+01  6.8196E+03 
-6.8196E+03 -4.6267E+01  6.8196E+03 
 6.8196E+03 -4.6267E+01  6.8196E+03 
Vel
-2.4329E-01  6.9289E-01 -2.4329E-01 
 2.4329E-01  6.9289E-01 -2.4329E-01 
-2.4329E-01 -6.9289E-01 -2.4329E-01 
 2.4329E-01 -6.9289E-01 -2.4329E-01 
-2.4329E-01  6.9289E-01  2.4329E-01 
 2.4329E-01  6.9289E-01  2.4329E-01 
-2.4329E-01 -6.9289E-01  2.4329E-01 
 2.4329E-01 -6.9289E-01  2.4329E-01 
Displacment
 4.6673E-05  1.0889E-04  4.6673E-05 
-4.6673E-05  1.0889E-04  4.6673E-05 
 4.6673E-05 -1.0889E-04  4.6673E-05 
-4.6673E-05 -1.0889E-04  4.6673E-05 
 4.6673E-05  1.0889E-04 -4.6673E-05 
-4.6673E-05  1.0889E-04 -4.6673E-05 
 4.6673E-05 -1.0889E-04 -4.6673E-05 
-4.6673E-05 -1.0889E-04 -4.6673E-05 

step = 4     time = 4.74e-04     dt = 1.58e-04
Acc
 7.4695E+03  7.1167E+03  7.4695E+03 
-7.4695E+03  7.1167E+03  7.4695E+03 
 7.4695E+03 -7.1167E+03  7.4695E+03 
-7.4695E+03 -7.1167E+03  7.4695E+03 
 7.4695E+03  7.1167E+03 -7.4695E+03 
-7.4695E+03  7.1167E+03 -7.4695E+03 
 7.4695E+03 -7.1167E+03 -7.4695E+03 
-7.4695E+03 -7.1167E+03 -7.4695E+03 
Vel
-1.9196E-01  1.2587E+00 -1.9196E-01 
 1.9196E-01  1.2587E+00 -1.9196E-01 
-1.9196E-01 -1.2587E+00 -1.9196E-01 
 1.9196E-01 -1.2587E+00 -1.9196E-01 
-1.9196E-01  1.2587E+00  1.9196E-01 
 1.9196E-01  1.2587E+00  1.9196E-01 
-1.9196E-01 -1.2587E+00  1.9196E-01 
 1.9196E-01 -1.2587E+00  1.9196E-01 
Displacment
-7.6855E-05  2.1893E-04 -7.6855E-05 
 7.6855E-05  2.1893E-04 -7.6855E-05 
-7.6855E-05 -2.1893E-04 -7.6855E-05 
 7.6855E-05 -2.1893E-04 -7.6855E-05 
-7.6855E-05  2.1893E-04  7.6855E-05 
 7.6855E-05  2.1893E-04  7.6855E-05 
-7.6855E-05 -2.1893E-04  7.6855E-05 
 7.6855E-05 -2.1893E-04  7.6855E-05 

step = 5     time = 6.32e-04     dt = 1.58e-04
Acc
 2.7129E+03 -8.7564E+03  2.7129E+03 
-2.7129E+03 -8.7564E+03  2.7129E+03 
 2.7129E+03  8.7564E+03  2.7129E+03 
-2.7129E+03  8.7564E+03  2.7129E+03 
 2.7129E+03 -8.7564E+03 -2.7129E+03 
-2.7129E+03 -8.7564E+03 -2.7129E+03 
 2.7129E+03  8.7564E+03 -2.7129E+03 
-2.7129E+03  8.7564E+03 -2.7129E+03 
Vel
 6.1237E-01  1.1291E+00  6.1237E-01 
-6.1237E-01  1.1291E+00  6.1237E-01 
 6.1237E-01 -1.1291E+00  6.1237E-01 
-6.1237E-01 -1.1291E+00  6.1237E-01 
 6.1237E-01  1.1291E+00 -6.1237E-01 
-6.1237E-01  1.1291E+00 -6.1237E-01 
 6.1237E-01 -1.1291E+00 -6.1237E-01 
-6.1237E-01 -1.1291E+00 -6.1237E-01 
Displacment
-1.3965E-05  5.0659E-04 -1.3965E-05 
 1.3965E-05  5.0659E-04 -1.3965E-05 
-1.3965E-05 -5.0659E-04 -1.3965E-05 
 1.3965E-05 -5.0659E-04 -1.3965E-05 
-1.3965E-05  5.0659E-04  1.3965E-05 
 1.3965E-05  5.0659E-04  1.3965E-05 
-1.3965E-05 -5.0659E-04  1.3965E-05 
 1.3965E-05 -5.0659E-04  1.3965E-05 

step = 6     time = 7.90e-04     dt = 1.58e-04
Acc
-2.7981E+04 -4.0498E+04 -2.7981E+04 
 2.7981E+04 -4.0498E+04 -2.7981E+04 
-2.7981E+04  4.0498E+04 -2.7981E+04 
 2.7981E+04  4.0498E+04 -2.7981E+04 
-2.7981E+04 -4.0498E+04  2.7981E+04 
 2.7981E+04 -4.0498E+04  2.7981E+04 
-2.7981E+04  4.0498E+04  2.7981E+04 
 2.7981E+04  4.0498E+04  2.7981E+04 
Vel
-1.3832E+00 -2.7607E+00 -1.3832E+00 
 1.3832E+00 -2.7607E+00 -1.3832E+00 
-1.3832E+00  2.7607E+00 -1.3832E+00 
 1.3832E+00  2.7607E+00 -1.3832E+00 
-1.3832E+00 -2.7607E+00  1.3832E+00 
 1.3832E+00 -2.7607E+00  1.3832E+00 
-1.3832E+00  2.7607E+00  1.3832E+00 
 1.3832E+00  2.7607E+00  1.3832E+00 
Displacment
 1.1660E-04  5.7571E-04  1.1660E-04 
-1.1660E-04  5.7571E-04  1.1660E-04 
 1.1660E-04 -5.7571E-04  1.1660E-04 
-1.1660E-04 -5.7571E-04  1.1660E-04 
 1.1660E-04  5.7571E-04 -1.1660E-04 
-1.1660E-04  5.7571E-04 -1.1660E-04 
 1.1660E-04 -5.7571E-04 -1.1660E-04 
-1.1660E-04 -5.7571E-04 -1.1660E-04 

step = 7     time = 9.48e-04     dt = 1.58e-04
Acc
 8.2877E+04  6.4178E+04  8.2877E+04 
-8.2877E+04  6.4178E+04  8.2877E+04 
 8.2877E+04 -6.4178E+04  8.2877E+04 
-8.2877E+04 -6.4178E+04  8.2877E+04 
 8.2877E+04  6.4178E+04 -8.2877E+04 
-8.2877E+04  6.4178E+04 -8.2877E+04 
 8.2877E+04 -6.4178E+04 -8.2877E+04 
-8.2877E+04 -6.4178E+04 -8.2877E+04 
Vel
 2.9522E+00 -8.9059E-01  2.9522E+00 
-2.9522E+00 -8.9059E-01  2.9522E+00 
 2.9522E+00  8.9059E-01  2.9522E+00 
-2.9522E+00  8.9059E-01  2.9522E+00 
 2.9522E+00 -8.9059E-01 -2.9522E+00 
-2.9522E+00 -8.9059E-01 -2.9522E+00 
 2.9522E+00  8.9059E-01 -2.9522E+00 
-2.9522E+00  8.9059E-01 -2.9522E+00 
Displacment
-4.5090E-04 -3.6550E-04 -4.5090E-04 
 4.5090E-04 -3.6550E-04 -4.5090E-04 
-4.5090E-04  3.6550E-04 -4.5090E-04 
 4.5090E-04  3.6550E-04 -4.5090E-04 
-4.5090E-04 -3.6550E-04  4.5090E-04 
 4.5090E-04 -3.6550E-04  4.5090E-04 
-4.5090E-04  3.6550E-04  4.5090E-04 
 4.5090E-04  3.6550E-04  4.5090E-04 

step = 8     time = 1.11e-03     dt = 1.58e-04
Acc
-1.2072E+05 -5.0306E+04 -1.2072E+05 
 1.2072E+05 -5.0306E+04 -1.2072E+05 
-1.2072E+05  5.0306E+04 -1.2072E+05 
 1.2072E+05  5.0306E+04 -1.2072E+05 
-1.2072E+05 -5.0306E+04  1.2072E+05 
 1.2072E+05 -5.0306E+04  1.2072E+05 
-1.2072E+05  5.0306E+04  1.2072E+05 
 1.2072E+05  5.0306E+04  1.2072E+05 
Vel
-3.9214E-02  2.0607E-01 -3.9214E-02 
 3.9214E-02  2.0607E-01 -3.9214E-02 
-3.9214E-02 -2.0607E-01 -3.9214E-02 
 3.9214E-02 -2.0607E-01 -3.9214E-02 
-3.9214E-02  2.0607E-01  3.9214E-02 
 3.9214E-02  2.0607E-01  3.9214E-02 
-3.9214E-02 -2.0607E-01  3.9214E-02 
 3.9214E-02 -2.0607E-01  3.9214E-02 
Displacment
 1.0517E-03  2.9585E-04  1.0517E-03 
-1.0517E-03  2.9585E-04  1.0517E-03 
 1.0517E-03 -2.9585E-04  1.0517E-03 
-1.0517E-03 -2.9585E-04  1.0517E-03 
 1.0517E-03  2.9585E-04 -1.0517E-03 
-1.0517E-03  2.9585E-04 -1.0517E-03 
 1.0517E-03 -2.9585E-04 -1.0517E-03 
-1.0517E-03 -2.9585E-04 -1.0517E-03 

step = 9     time = 1.26e-03     dt = 1.58e-04
Acc
-7.4035E+03  5.8800E+04 -7.4035E+03 
 7.4035E+03  5.8800E+04 -7.4035E+03 
-7.4035E+03 -5.8800E+04 -7.4035E+03 
 7.4035E+03 -5.8800E+04 -7.4035E+03 
-7.4035E+03  5.8800E+04  7.4035E+03 
 7.4035E+03  5.8800E+04  7.4035E+03 
-7.4035E+03 -5.8800E+04  7.4035E+03 
 7.4035E+03 -5.8800E+04  7.4035E+03 
Vel
-1.0139E+01  8.7567E-01 -1.0139E+01 
 1.0139E+01  8.7567E-01 -1.0139E+01 
-1.0139E+01 -8.7567E-01 -1.0139E+01 
 1.0139E+01 -8.7567E-01 -1.0139E+01 
-1.0139E+01  8.7567E-01  1.0139E+01 
 1.0139E+01  8.7567E-01  1.0139E+01 
-1.0139E+01 -8.7567E-01  1.0139E+01 
 1.0139E+01 -8.7567E-01  1.0139E+01 
Displacment
-4.5470E-04 -2.9686E-04 -4.5470E-04 
 4.5470E-04 -2.9686E-04 -4.5470E-04 
-4.5470E-04  2.9686E-04 -4.5470E-04 
 4.5470E-04  2.9686E-04 -4.5470E-04 
-4.5470E-04 -2.9686E-04  4.5470E-04 
 4.5470E-04 -2.9686E-04  4.5470E-04 
-4.5470E-04  2.9686E-04  4.5470E-04 
 4.5470E-04  2.9686E-04  4.5470E-04 

step = 10     time = 1.42e-03     dt = 1.58e-04
Acc
 4.1452E+05  3.1222E+05  4.1452E+05 
-4.1452E+05  3.1222E+05  4.1452E+05 
 4.1452E+05 -3.1222E+05  4.1452E+05 
-4.1452E+05 -3.1222E+05  4.1452E+05 
 4.1452E+05  3.1222E+05 -4.1452E+05 
-4.1452E+05  3.1222E+05 -4.1452E+05 
 4.1452E+05 -3.1222E+05 -4.1452E+05 
-4.1452E+05 -3.1222E+05 -4.1452E+05 
Vel
 2.2047E+01  3.0208E+01  2.2047E+01 
-2.2047E+01  3.0208E+01  2.2047E+01 
 2.2047E+01 -3.0208E+01  2.2047E+01 
-2.2047E+01 -3.0208E+01  2.2047E+01 
 2.2047E+01  3.0208E+01 -2.2047E+01 
-2.2047E+01  3.0208E+01 -2.2047E+01 
 2.2047E+01 -3.0208E+01 -2.2047E+01 
-2.2047E+01 -3.0208E+01 -2.2047E+01 
Displacment
-2.1504E-03  5.7662E-04 -2.1504E-03 
 2.1504E-03  5.7662E-04 -2.1504E-03 
-2.1504E-03 -5.7662E-04 -2.1504E-03 
 2.1504E-03 -5.7662E-04 -2.1504E-03 
-2.1504E-03  5.7662E-04  2.1504E-03 
 2.1504E-03  5.7662E-04  2.1504E-03 
-2.1504E-03 -5.7662E-04  2.1504E-03 
 2.1504E-03 -5.7662E-04  2.1504E-03 

step = 11     time = 1.58e-03     dt = 1.58e-04
Acc
-1.1468E+06 -1.0691E+06 -1.1468E+06 
 1.1468E+06 -1.0691E+06 -1.1468E+06 
-1.1468E+06  1.0691E+06 -1.1468E+06 
 1.1468E+06  1.0691E+06 -1.1468E+06 
-1.1468E+06 -1.0691E+06  1.1468E+06 
 1.1468E+06 -1.0691E+06  1.1468E+06 
-1.1468E+06  1.0691E+06  1.1468E+06 
 1.1468E+06  1.0691E+06  1.1468E+06 
Vel
-3.5801E+01 -2.9581E+01 -3.5801E+01 
 3.5801E+01 -2.9581E+01 -3.5801E+01 
-3.5801E+01  2.9581E+01 -3.5801E+01 
 3.5801E+01  2.9581E+01 -3.5801E+01 
-3.5801E+01 -2.9581E+01  3.5801E+01 
 3.5801E+01 -2.9581E+01  3.5801E+01 
-3.5801E+01  2.9581E+01  3.5801E+01 
 3.5801E+01  2.9581E+01  3.5801E+01 
Displacment
 6.5062E-03  9.2456E-03  6.5062E-03 
-6.5062E-03  9.2456E-03  6.5062E-03 
 6.5062E-03 -9.2456E-03  6.5062E-03 
-6.5062E-03 -9.2456E-03  6.5062E-03 
 6.5062E-03  9.2456E-03 -6.5062E-03 
-6.5062E-03  9.2456E-03 -6.5062E-03 
 6.5062E-03 -9.2456E-03 -6.5062E-03 
-6.5062E-03 -9.2456E-03 -6.5062E-03 

step = 12     time = 1.74e-03     dt = 1.56e-04
Acc
 1.6100E+06  1.0587E+06  1.6100E+06 
-1.6100E+06  1.0587E+06  1.6100E+06 
 1.6100E+06 -1.0587E+06  1.6100E+06 
-1.6100E+06 -1.0587E+06  1.6100E+06 
 1.6100E+06  1.0587E+06 -1.6100E+06 
-1.6100E+06  1.0587E+06 -1.6100E+06 
 1.6100E+06 -1.0587E+06 -1.6100E+06 
-1.6100E+06 -1.0587E+06 -1.6100E+06 
Vel
 3.0712E-01 -3.0390E+01  3.0712E-01 
-3.0712E-01 -3.0390E+01  3.0712E-01 
 3.0712E-01  3.0390E+01  3.0712E-01 
-3.0712E-01  3.0390E+01  3.0712E-01 
 3.0712E-01 -3.0390E+01 -3.0712E-01 
-3.0712E-01 -3.0390E+01 -3.0712E-01 
 3.0712E-01  3.0390E+01 -3.0712E-01 
-3.0712E-01  3.0390E+01 -3.0712E-01 
Displacment
-1.3019E-02 -8.3647E-03 -1.3019E-02 
 1.3019E-02 -8.3647E-03 -1.3019E-02 
-1.3019E-02  8.3647E-03 -1.3019E-02 
 1.3019E-02  8.3647E-03 -1.3019E-02 
-1.3019E-02 -8.3647E-03  1.3019E-02 
 1.3019E-02 -8.3647E-03  1.3019E-02 
-1.3019E-02  8.3647E-03  1.3019E-02 
 1.3019E-02  8.3647E-03  1.3019E-02 

step = 13     time = 1.89e-03     dt = 1.59e-04
Acc
 1.2354E+05  2.0159E+05  1.2354E+05 
-1.2354E+05  2.0159E+05  1.2354E+05 
 1.2354E+05 -2.0159E+05  1.2354E+05 
-1.2354E+05 -2.0159E+05  1.2354E+05 
 1.2354E+05  2.0159E+05 -1.2354E+05 
-1.2354E+05  2.0159E+05 -1.2354E+05 
 1.2354E+05 -2.0159E+05 -1.2354E+05 
-1.2354E+05 -2.0159E+05 -1.2354E+05 
Vel
 1.3849E+02  7.0069E+01  1.3849E+02 
-1.3849E+02  7.0069E+01  1.3849E+02 
 1.3849E+02 -7.0069E+01  1.3849E+02 
-1.3849E+02 -7.0069E+01  1.3849E+02 
 1.3849E+02  7.0069E+01 -1.3849E+02 
-1.3849E+02  7.0069E+01 -1.3849E+02 
 1.3849E+02 -7.0069E+01 -1.3849E+02 
-1.3849E+02 -7.0069E+01 -1.3849E+02 
Displacment
 7.4883E-03  2.4411E-04  7.4883E-03 
-7.4883E-03  2.4411E-04  7.4883E-03 
 7.4883E-03 -2.4411E-04  7.4883E-03 
-7.4883E-03 -2.4411E-04  7.4883E-03 
 7.4883E-03  2.4411E-04 -7.4883E-03 
-7.4883E-03  2.4411E-04 -7.4883E-03 
 7.4883E-03 -2.4411E-04 -7.4883E-03 
-7.4883E-03 -2.4411E-04 -7.4883E-03 

step = 14     time = 2.05e-03     dt = 1.56e-04
Acc
-6.7406E+06 -4.4680E+06 -6.7406E+06 
 6.7406E+06 -4.4680E+06 -6.7406E+06 
-6.7406E+06  4.4680E+06 -6.7406E+06 
 6.7406E+06  4.4680E+06 -6.7406E+06 
-6.7406E+06 -4.4680E+06  6.7406E+06 
 6.7406E+06 -4.4680E+06  6.7406E+06 
-6.7406E+06  4.4680E+06  6.7406E+06 
 6.7406E+06  4.4680E+06  6.7406E+06 
Vel
-3.7640E+02 -2.6191E+02 -3.7640E+02 
 3.7640E+02 -2.6191E+02 -3.7640E+02 
-3.7640E+02  2.6191E+02 -3.7640E+02 
 3.7640E+02  2.6191E+02 -3.7640E+02 
-3.7640E+02 -2.6191E+02  3.7640E+02 
 3.7640E+02 -2.6191E+02  3.7640E+02 
-3.7640E+02  2.6191E+02  3.7640E+02 
 3.7640E+02  2.6191E+02  3.7640E+02 
Displacment
 3.0536E-02  1.3590E-02  3.0536E-02 
-3.0536E-02  1.3590E-02  3.0536E-02 
 3.0536E-02 -1.3590E-02  3.0536E-02 
-3.0536E-02 -1.3590E-02  3.0536E-02 
 3.0536E-02  1.3590E-02 -3.0536E-02 
-3.0536E-02  1.3590E-02 -3.0536E-02 
 3.0536E-02 -1.3590E-02 -3.0536E-02 
-3.0536E-02 -1.3590E-02 -3.0536E-02 

step = 15     time = 2.21e-03     dt = 1.48e-04
Acc
 1.1202E+07  1.0381E+07  1.1202E+07 
-1.1202E+07  1.0381E+07  1.1202E+07 
 1.1202E+07 -1.0381E+07  1.1202E+07 
-1.1202E+07 -1.0381E+07  1.1202E+07 
 1.1202E+07  1.0381E+07 -1.1202E+07 
-1.1202E+07  1.0381E+07 -1.1202E+07 
 1.1202E+07 -1.0381E+07 -1.1202E+07 
-1.1202E+07 -1.0381E+07 -1.1202E+07 
Vel
-4.5467E+01  1.7668E+02 -4.5467E+01 
 4.5467E+01  1.7668E+02 -4.5467E+01 
-4.5467E+01 -1.7668E+02 -4.5467E+01 
 4.5467E+01 -1.7668E+02 -4.5467E+01 
-4.5467E+01  1.7668E+02  4.5467E+01 
 4.5467E+01  1.7668E+02  4.5467E+01 
-4.5467E+01 -1.7668E+02  4.5467E+01 
 4.5467E+01 -1.7668E+02  4.5467E+01 
Displacment
-9.9463E-02 -7.4420E-02 -9.9463E-02 
 9.9463E-02 -7.4420E-02 -9.9463E-02 
-9.9463E-02  7.4420E-02 -9.9463E-02 
 9.9463E-02  7.4420E-02 -9.9463E-02 
-9.9463E-02 -7.4420E-02  9.9463E-02 
 9.9463E-02 -7.4420E-02  9.9463E-02 
-9.9463E-02  7.4420E-02  9.9463E-02 
 9.9463E-02  7.4420E-02  9.9463E-02 

step = 16     time = 2.36e-03     dt = 1.70e-04
Acc
-4.6821E+06 -5.2474E+06 -4.6821E+06 
 4.6821E+06 -5.2474E+06 -4.6821E+06 
-4.6821E+06  5.2474E+06 -4.6821E+06 
 4.6821E+06  5.2474E+06 -4.6821E+06 
-4.6821E+06 -5.2474E+06  4.6821E+06 
 4.6821E+06 -5.2474E+06  4.6821E+06 
-4.6821E+06  5.2474E+06  4.6821E+06 
 4.6821E+06  5.2474E+06  4.6821E+06 
Vel
 5.0839E+02  6.1275E+02  5.0839E+02 
-5.0839E+02  6.1275E+02  5.0839E+02 
 5.0839E+02 -6.1275E+02  5.0839E+02 
-5.0839E+02 -6.1275E+02  5.0839E+02 
 5.0839E+02  6.1275E+02 -5.0839E+02 
-5.0839E+02  6.1275E+02 -5.0839E+02 
 5.0839E+02 -6.1275E+02 -5.0839E+02 
-5.0839E+02 -6.1275E+02 -5.0839E+02 
Displacment
 5.4471E-02  1.0540E-01  5.4471E-02 
-5.4471E-02  1.0540E-01  5.4471E-02 
 5.4471E-02 -1.0540E-01  5.4471E-02 
-5.4471E-02 -1.0540E-01  5.4471E-02 
 5.4471E-02  1.0540E-01 -5.4471E-02 
-5.4471E-02  1.0540E-01 -5.4471E-02 
 5.4471E-02 -1.0540E-01 -5.4471E-02 
-5.4471E-02 -1.0540E-01 -5.4471E-02 

step = 17     time = 2.53e-03     dt = 1.41e-04
Acc
-2.9028E+07 -2.8206E+07 -2.9028E+07 
 2.9028E+07 -2.8206E+07 -2.9028E+07 
-2.9028E+07  2.8206E+07 -2.9028E+07 
 2.9028E+07  2.8206E+07 -2.9028E+07 
-2.9028E+07 -2.8206E+07  2.9028E+07 
 2.9028E+07 -2.8206E+07  2.9028E+07 
-2.9028E+07  2.8206E+07  2.9028E+07 
 2.9028E+07  2.8206E+07  2.9028E+07 
Vel
-1.8644E+03 -1.7420E+03 -1.8644E+03 
 1.8644E+03 -1.7420E+03 -1.8644E+03 
-1.8644E+03  1.7420E+03 -1.8644E+03 
 1.8644E+03  1.7420E+03 -1.8644E+03 
-1.8644E+03 -1.7420E+03  1.8644E+03 
 1.8644E+03 -1.7420E+03  1.8644E+03 
-1.8644E+03  1.7420E+03  1.8644E+03 
 1.8644E+03  1.7420E+03  1.8644E+03 
Displacment
 7.9646E-02  1.3967E-01  7.9646E-02 
-7.9646E-02  1.3967E-01  7.9646E-02 
 7.9646E-02 -1.3967E-01  7.9646E-02 
-7.9646E-02 -1.3967E-01  7.9646E-02 
 7.9646E-02  1.3967E-01 -7.9646E-02 
-7.9646E-02  1.3967E-01 -7.9646E-02 
 7.9646E-02 -1.3967E-01 -7.9646E-02 
-7.9646E-02 -1.3967E-01 -7.9646E-02 

step = 18     time = 2.67e-03     dt = 1.33e-04
Acc
 2.1121E+07  1.7125E+07  2.1121E+07 
-2.1121E+07  1.7125E+07  2.1121E+07 
 2.1121E+07 -1.7125E+07  2.1121E+07 
-2.1121E+07 -1.7125E+07  2.1121E+07 
 2.1121E+07  1.7125E+07 -2.1121E+07 
-2.1121E+07  1.7125E+07 -2.1121E+07 
 2.1121E+07 -1.7125E+07 -2.1121E+07 
-2.1121E+07 -1.7125E+07 -2.1121E+07 
Vel
-2.3896E+03 -2.4779E+03 -2.3896E+03 
 2.3896E+03 -2.4779E+03 -2.3896E+03 
-2.3896E+03  2.4779E+03 -2.3896E+03 
 2.3896E+03  2.4779E+03 -2.3896E+03 
-2.3896E+03 -2.4779E+03  2.3896E+03 
 2.3896E+03 -2.4779E+03  2.3896E+03 
-2.3896E+03  2.4779E+03  2.3896E+03 
 2.3896E+03  2.4779E+03  2.3896E+03 
Displacment
-4.2405E-01 -3.4051E-01 -4.2405E-01 
 4.2405E-01 -3.4051E-01 -4.2405E-01 
-4.2405E-01  3.4051E-01 -4.2405E-01 
 4.2405E-01  3.4051E-01 -4.2405E-01 
-4.2405E-01 -3.4051E-01  4.2405E-01 
 4.2405E-01 -3.4051E-01  4.2405E-01 
-4.2405E-01  3.4051E-01  4.2405E-01 
 4.2405E-01  3.4051E-01  4.2405E-01 

step = 19     time = 2.80e-03     dt = 2.12e-04
Acc
 7.4672E+07  6.6790E+07  7.4672E+07 
-7.4672E+07  6.6790E+07  7.4672E+07 
 7.4672E+07 -6.6790E+07  7.4672E+07 
-7.4672E+07 -6.6790E+07  7.4672E+07 
 7.4672E+07  6.6790E+07 -7.4672E+07 
-7.4672E+07  6.6790E+07 -7.4672E+07 
 7.4672E+07 -6.6790E+07 -7.4672E+07 
-7.4672E+07 -6.6790E+07 -7.4672E+07 
Vel
 7.7624E+03  6.4153E+03  7.7624E+03 
-7.7624E+03  6.4153E+03  7.7624E+03 
 7.7624E+03 -6.4153E+03  7.7624E+03 
-7.7624E+03 -6.4153E+03  7.7624E+03 
 7.7624E+03  6.4153E+03 -7.7624E+03 
-7.7624E+03  6.4153E+03 -7.7624E+03 
 7.7624E+03 -6.4153E+03 -7.7624E+03 
-7.7624E+03 -6.4153E+03 -7.7624E+03 
Displacment
-4.5610E-01 -4.8103E-01 -4.5610E-01 
 4.5610E-01 -4.8103E-01 -4.5610E-01 
-4.5610E-01  4.8103E-01 -4.5610E-01 
 4.5610E-01  4.8103E-01 -4.5610E-01 
-4.5610E-01 -4.8103E-01  4.5610E-01 
 4.5610E-01 -4.8103E-01  4.5610E-01 
-4.5610E-01  4.8103E-01  4.5610E-01 
 4.5610E-01  4.8103E-01  4.5610E-01 

step = 20     time = 3.01e-03     dt = 2.34e-04
Acc
 2.0707E+08  1.5878E+08  2.0707E+08 
-2.0707E+08  1.5878E+08  2.0707E+08 
 2.0707E+08 -1.5878E+08  2.0707E+08 
-2.0707E+08 -1.5878E+08  2.0707E+08 
 2.0707E+08  1.5878E+08 -2.0707E+08 
-2.0707E+08  1.5878E+08 -2.0707E+08 
 2.0707E+08 -1.5878E+08 -2.0707E+08 
-2.0707E+08 -1.5878E+08 -2.0707E+08 
Vel
 4.0749E+04  3.2826E+04  4.0749E+04 
-4.0749E+04  3.2826E+04  4.0749E+04 
 4.0749E+04 -3.2826E+04  4.0749E+04 
-4.0749E+04 -3.2826E+04  4.0749E+04 
 4.0749E+04  3.2826E+04 -4.0749E+04 
-4.0749E+04  3.2826E+04 -4.0749E+04 
 4.0749E+04 -3.2826E+04 -4.0749E+04 
-4.0749E+04 -3.2826E+04 -4.0749E+04 
Displacment
 3.4088E+00  2.8523E+00  3.4088E+00 
-3.4088E+00  2.8523E+00  3.4088E+00 
 3.4088E+00 -2.8523E+00  3.4088E+00 
-3.4088E+00 -2.8523E+00  3.4088E+00 
 3.4088E+00  2.8523E+00 -3.4088E+00 
-3.4088E+00  2.8523E+00 -3.4088E+00 
 3.4088E+00 -2.8523E+00 -3.4088E+00 
-3.4088E+00 -2.8523E+00 -3.4088E+00 

step = 21     time = 3.25e-03     dt = 2.92e-04
Acc
 1.1164E+09  5.3987E+08  1.1164E+09 
-1.1164E+09  5.3987E+08  1.1164E+09 
 1.1164E+09 -5.3987E+08  1.1164E+09 
-1.1164E+09 -5.3987E+08  1.1164E+09 
 1.1164E+09  5.3987E+08 -1.1164E+09 
-1.1164E+09  5.3987E+08 -1.1164E+09 
 1.1164E+09 -5.3987E+08 -1.1164E+09 
-1.1164E+09 -5.3987E+08 -1.1164E+09 
Vel
 2.3428E+05  1.3499E+05  2.3428E+05 
-2.3428E+05  1.3499E+05  2.3428E+05 
 2.3428E+05 -1.3499E+05  2.3428E+05 
-2.3428E+05 -1.3499E+05  2.3428E+05 
 2.3428E+05  1.3499E+05 -2.3428E+05 
-2.3428E+05  1.3499E+05 -2.3428E+05 
 2.3428E+05 -1.3499E+05 -2.3428E+05 
-2.3428E+05 -1.3499E+05 -2.3428E+05 
Displacment
 2.4182E+01  1.9243E+01  2.4182E+01 
-2.4182E+01  1.9243E+01  2.4182E+01 
 2.4182E+01 -1.9243E+01  2.4182E+01 
-2.4182E+01 -1.9243E+01  2.4182E+01 
 2.4182E+01  1.9243E+01 -2.4182E+01 
-2.4182E+01  1.9243E+01 -2.4182E+01 
 2.4182E+01 -1.9243E+01 -2.4182E+01 
-2.4182E+01 -1.9243E+01 -2.4182E+01 

step = 22     time = 3.54e-03     dt = 2.88e-03
Acc
 1.8411E+11  5.0694E+10  1.8411E+11 
-1.8411E+11  5.0694E+10  1.8411E+11 
 1.8411E+11 -5.0694E+10  1.8411E+11 
-1.8411E+11 -5.0694E+10  1.8411E+11 
 1.8411E+11  5.0694E+10 -1.8411E+11 
-1.8411E+11  5.0694E+10 -1.8411E+11 
 1.8411E+11 -5.0694E+10 -1.8411E+11 
-1.8411E+11 -5.0694E+10 -1.8411E+11 
Vel
 3.0634E+08  8.0405E+07  3.0634E+08 
-3.0634E+08  8.0405E+07  3.0634E+08 
 3.0634E+08 -8.0405E+07  3.0634E+08 
-3.0634E+08 -8.0405E+07  3.0634E+08 
 3.0634E+08  8.0405E+07 -3.0634E+08 
-3.0634E+08  8.0405E+07 -3.0634E+08 
 3.0634E+08 -8.0405E+07 -3.0634E+08 
-3.0634E+08 -8.0405E+07 -3.0634E+08 
Displacment
 5.5478E+03  2.5304E+03  5.5478E+03 
-5.5478E+03  2.5304E+03  5.5478E+03 
 5.5478E+03 -2.5304E+03  5.5478E+03 
-5.5478E+03 -2.5304E+03  5.5478E+03 
 5.5478E+03  2.5304E+03 -5.5478E+03 
-5.5478E+03  2.5304E+03 -5.5478E+03 
 5.5478E+03 -2.5304E+03 -5.5478E+03 
-5.5478E+03 -2.5304E+03 -5.5478E+03 

step = 23     time = 6.42e-03     dt = 4.00e-01
Acc
 6.7961E+17  9.4369E+16  6.7961E+17 
-6.7961E+17  9.4369E+16  6.7961E+17 
 6.7961E+17 -9.4369E+16  6.7961E+17 
-6.7961E+17 -9.4369E+16  6.7961E+17 
 6.7961E+17  9.4369E+16 -6.7961E+17 
-6.7961E+17  9.4369E+16 -6.7961E+17 
 6.7961E+17 -9.4369E+16 -6.7961E+17 
-6.7961E+17 -9.4369E+16 -6.7961E+17 
Vel
 1.7962E+17  2.2566E+16  1.7962E+17 
-1.7962E+17  2.2566E+16  1.7962E+17 
 1.7962E+17 -2.2566E+16  1.7962E+17 
-1.7962E+17 -2.2566E+16  1.7962E+17 
 1.7962E+17  2.2566E+16 -1.7962E+17 
-1.7962E+17  2.2566E+16 -1.7962E+17 
 1.7962E+17 -2.2566E+16 -1.7962E+17 
-1.7962E+17 -2.2566E+16 -1.7962E+17 
Displacment
 2.0964E+10  4.7820E+09  2.0964E+10 
-2.0964E+10  4.7820E+09  2.0964E+10 
 2.0964E+10 -4.7820E+09  2.0964E+10 
-2.0964E+10 -4.7820E+09  2.0964E+10 
 2.0964E+10  4.7820E+09 -2.0964E+10 
-2.0964E+10  4.7820E+09 -2.0964E+10 
 2.0964E+10 -4.7820E+09 -2.0964E+10 
-2.0964E+10 -4.7820E+09 -2.0964E+10 
