2.72331e-05 1.04254e+02  -2.80830e-21 0.00000e+00 
5.44663e-05 1.40240e+03  -1.11174e+03 0.00000e+00 
8.16994e-05 6.02953e+03  -5.49103e+03 0.00000e+00 
1.08932e-04 1.67217e+04  -1.59053e+04 0.00000e+00 
1.36165e-04 3.63990e+04  -3.53010e+04 0.00000e+00 
1.63397e-04 6.78314e+04  -6.64641e+04 0.00000e+00 
1.90629e-04 1.13471e+05  -1.11851e+05 0.00000e+00 
2.17860e-04 1.75480e+05  -1.73616e+05 0.00000e+00 
2.45089e-04 2.55936e+05  -2.53823e+05 0.00000e+00 
2.72317e-04 3.57152e+05  -3.54767e+05 0.00000e+00 
2.99544e-04 4.82037e+05  -4.79338e+05 0.00000e+00 
3.26769e-04 6.34418e+05  -6.31353e+05 0.00000e+00 
3.53992e-04 8.19273e+05  -8.15781e+05 0.00000e+00 
3.81214e-04 1.04284e+06  -1.03886e+06 0.00000e+00 
4.08434e-04 1.31264e+06  -1.30810e+06 0.00000e+00 
4.35653e-04 1.63742e+06  -1.63224e+06 0.00000e+00 
4.62870e-04 2.02702e+06  -2.02114e+06 0.00000e+00 
4.90086e-04 2.49238e+06  -2.48571e+06 0.00000e+00 
5.17301e-04 3.04537e+06  -3.03781e+06 0.00000e+00 
5.44515e-04 3.69876e+06  -3.69021e+06 0.00000e+00 
5.71729e-04 4.46615e+06  -4.45649e+06 0.00000e+00 
5.98943e-04 5.36175e+06  -5.35090e+06 0.00000e+00 
6.26156e-04 6.40022e+06  -6.38808e+06 0.00000e+00 
6.53368e-04 7.59630e+06  -7.58281e+06 0.00000e+00 
6.80581e-04 8.96445e+06  -8.94957e+06 0.00000e+00 
7.07793e-04 1.05185e+07  -1.05022e+07 0.00000e+00 
7.35006e-04 1.22711e+07  -1.22535e+07 0.00000e+00 
7.62217e-04 1.42341e+07  -1.42152e+07 0.00000e+00 
7.89428e-04 1.64180e+07  -1.63978e+07 0.00000e+00 
8.16639e-04 1.88322e+07  -1.88109e+07 0.00000e+00 
8.43848e-04 2.14860e+07  -2.14636e+07 0.00000e+00 
8.71056e-04 2.43888e+07  -2.43652e+07 0.00000e+00 
8.98263e-04 2.75506e+07  -2.75259e+07 0.00000e+00 
9.25469e-04 3.09832e+07  -3.09574e+07 0.00000e+00 
9.52674e-04 3.47006e+07  -3.46736e+07 0.00000e+00 
9.79876e-04 3.87194e+07  -3.86911e+07 0.00000e+00 
1.00708e-03 4.30590e+07  -4.30294e+07 0.00000e+00 
1.03428e-03 4.77418e+07  -4.77107e+07 0.00000e+00 
1.06148e-03 5.27930e+07  -5.27603e+07 0.00000e+00 
1.08867e-03 5.82401e+07  -5.82056e+07 0.00000e+00 
1.11587e-03 6.41124e+07  -6.40760e+07 0.00000e+00 
1.14307e-03 7.04406e+07  -7.04022e+07 0.00000e+00 
1.17026e-03 7.72560e+07  -7.72155e+07 0.00000e+00 
1.19745e-03 8.45897e+07  -8.45469e+07 0.00000e+00 
1.22465e-03 9.24721e+07  -9.24270e+07 0.00000e+00 
1.25184e-03 1.00932e+08  -1.00885e+08 0.00000e+00 
1.27903e-03 1.09997e+08  -1.09947e+08 0.00000e+00 
1.30623e-03 1.19691e+08  -1.19638e+08 0.00000e+00 
1.33342e-03 1.30036e+08  -1.29981e+08 0.00000e+00 
1.36061e-03 1.41052e+08  -1.40994e+08 0.00000e+00 
1.38780e-03 1.52755e+08  -1.52696e+08 0.00000e+00 
1.41499e-03 1.65163e+08  -1.65101e+08 0.00000e+00 
1.44218e-03 1.78288e+08  -1.78224e+08 0.00000e+00 
1.46937e-03 1.92146e+08  -1.92080e+08 0.00000e+00 
1.49656e-03 2.06753e+08  -2.06685e+08 0.00000e+00 
1.52374e-03 2.22126e+08  -2.22056e+08 0.00000e+00 
1.55093e-03 2.38287e+08  -2.38215e+08 0.00000e+00 
1.57811e-03 2.55262e+08  -2.55188e+08 0.00000e+00 
1.60529e-03 2.73080e+08  -2.73003e+08 0.00000e+00 
1.63247e-03 2.91775e+08  -2.91696e+08 0.00000e+00 
1.65965e-03 3.11387e+08  -3.11306e+08 0.00000e+00 
1.68683e-03 3.31958e+08  -3.31874e+08 0.00000e+00 
1.71401e-03 3.53535e+08  -3.53448e+08 0.00000e+00 
1.74119e-03 3.76165e+08  -3.76075e+08 0.00000e+00 
1.76836e-03 3.99897e+08  -3.99804e+08 0.00000e+00 
1.79554e-03 4.24780e+08  -4.24684e+08 0.00000e+00 
1.82271e-03 4.50862e+08  -4.50763e+08 0.00000e+00 
1.84989e-03 4.78187e+08  -4.78085e+08 0.00000e+00 
1.87706e-03 5.06798e+08  -5.06692e+08 0.00000e+00 
1.90423e-03 5.36731e+08  -5.36622e+08 0.00000e+00 
1.93140e-03 5.68021e+08  -5.67908e+08 0.00000e+00 
1.95857e-03 6.00696e+08  -6.00580e+08 0.00000e+00 
1.98574e-03 6.34782e+08  -6.34663e+08 0.00000e+00 
2.01291e-03 6.70302e+08  -6.70179e+08 0.00000e+00 
2.04008e-03 7.07276e+08  -7.07150e+08 0.00000e+00 
2.06725e-03 7.45724e+08  -7.45595e+08 0.00000e+00 
2.09442e-03 7.85668e+08  -7.85536e+08 0.00000e+00 
2.12159e-03 8.27130e+08  -8.26995e+08 0.00000e+00 
2.14875e-03 8.70138e+08  -8.70000e+08 0.00000e+00 
2.17592e-03 9.14723e+08  -9.14582e+08 0.00000e+00 
2.20308e-03 9.60923e+08  -9.60779e+08 0.00000e+00 
2.23024e-03 1.00878e+09  -1.00863e+09 0.00000e+00 
2.25740e-03 1.05835e+09  -1.05820e+09 0.00000e+00 
2.28456e-03 1.10968e+09  -1.10952e+09 0.00000e+00 
2.31172e-03 1.16283e+09  -1.16267e+09 0.00000e+00 
2.33888e-03 1.21787e+09  -1.21771e+09 0.00000e+00 
2.36604e-03 1.27486e+09  -1.27469e+09 0.00000e+00 
2.39319e-03 1.33386e+09  -1.33369e+09 0.00000e+00 
2.42035e-03 1.39495e+09  -1.39477e+09 0.00000e+00 
2.44750e-03 1.45818e+09  -1.45800e+09 0.00000e+00 
2.47466e-03 1.52360e+09  -1.52342e+09 0.00000e+00 
2.50181e-03 1.59129e+09  -1.59110e+09 0.00000e+00 
2.52896e-03 1.66127e+09  -1.66108e+09 0.00000e+00 
2.55611e-03 1.73359e+09  -1.73340e+09 0.00000e+00 
2.58326e-03 1.80830e+09  -1.80810e+09 0.00000e+00 
2.61041e-03 1.88541e+09  -1.88521e+09 0.00000e+00 
2.63756e-03 1.96497e+09  -1.96476e+09 0.00000e+00 
2.66471e-03 2.04699e+09  -2.04678e+09 0.00000e+00 
2.69186e-03 2.13151e+09  -2.13129e+09 0.00000e+00 
2.71901e-03 2.21855e+09  -2.21833e+09 0.00000e+00 
2.74615e-03 2.30815e+09  -2.30792e+09 0.00000e+00 
2.77330e-03 2.40033e+09  -2.40011e+09 0.00000e+00 
2.80044e-03 2.49516e+09  -2.49493e+09 0.00000e+00 
2.82759e-03 2.59267e+09  -2.59243e+09 0.00000e+00 
2.85473e-03 2.69292e+09  -2.69268e+09 0.00000e+00 
2.88187e-03 2.79599e+09  -2.79574e+09 0.00000e+00 
2.90901e-03 2.90192e+09  -2.90167e+09 0.00000e+00 
2.93615e-03 3.01081e+09  -3.01056e+09 0.00000e+00 
2.96329e-03 3.12273e+09  -3.12248e+09 0.00000e+00 
2.99042e-03 3.23776e+09  -3.23750e+09 0.00000e+00 
3.01756e-03 3.35598e+09  -3.35572e+09 0.00000e+00 
3.04469e-03 3.47747e+09  -3.47720e+09 0.00000e+00 
3.07183e-03 3.60230e+09  -3.60202e+09 0.00000e+00 
3.09896e-03 3.73054e+09  -3.73026e+09 0.00000e+00 
3.12609e-03 3.86226e+09  -3.86197e+09 0.00000e+00 
3.15323e-03 3.99750e+09  -3.99721e+09 0.00000e+00 
3.18036e-03 4.13632e+09  -4.13602e+09 0.00000e+00 
3.20749e-03 4.27877e+09  -4.27847e+09 0.00000e+00 
3.23462e-03 4.42489e+09  -4.42458e+09 0.00000e+00 
3.26175e-03 4.57470e+09  -4.57439e+09 0.00000e+00 
3.28888e-03 4.72825e+09  -4.72793e+09 0.00000e+00 
3.31601e-03 4.88558e+09  -4.88525e+09 0.00000e+00 
3.34313e-03 5.04672e+09  -5.04639e+09 0.00000e+00 
3.37026e-03 5.21171e+09  -5.21137e+09 0.00000e+00 
3.39738e-03 5.38060e+09  -5.38026e+09 0.00000e+00 
3.42451e-03 5.55345e+09  -5.55311e+09 0.00000e+00 
3.45163e-03 5.73032e+09  -5.72997e+09 0.00000e+00 
3.47875e-03 5.91129e+09  -5.91093e+09 0.00000e+00 
3.50587e-03 6.09642e+09  -6.09606e+09 0.00000e+00 
3.53299e-03 6.28580e+09  -6.28543e+09 0.00000e+00 
3.56011e-03 6.47952e+09  -6.47915e+09 0.00000e+00 
3.58723e-03 6.67767e+09  -6.67730e+09 0.00000e+00 
3.61435e-03 6.88035e+09  -6.87997e+09 0.00000e+00 
3.64146e-03 7.08765e+09  -7.08726e+09 0.00000e+00 
3.66858e-03 7.29964e+09  -7.29925e+09 0.00000e+00 
3.69569e-03 7.51643e+09  -7.51603e+09 0.00000e+00 
3.72281e-03 7.73809e+09  -7.73768e+09 0.00000e+00 
3.74992e-03 7.96468e+09  -7.96427e+09 0.00000e+00 
3.77703e-03 8.19628e+09  -8.19586e+09 0.00000e+00 
3.80414e-03 8.43295e+09  -8.43252e+09 0.00000e+00 
3.83125e-03 8.67473e+09  -8.67430e+09 0.00000e+00 
3.85836e-03 8.92168e+09  -8.92124e+09 0.00000e+00 
3.88547e-03 9.17384e+09  -9.17339e+09 0.00000e+00 
3.91258e-03 9.43126e+09  -9.43081e+09 0.00000e+00 
3.93969e-03 9.69398e+09  -9.69352e+09 0.00000e+00 
3.96679e-03 9.96206e+09  -9.96159e+09 0.00000e+00 
3.99390e-03 1.02355e+10  -1.02351e+10 0.00000e+00 
4.02100e-03 1.05145e+10  -1.05140e+10 0.00000e+00 
4.04811e-03 1.07990e+10  -1.07985e+10 0.00000e+00 
4.07521e-03 1.10891e+10  -1.10886e+10 0.00000e+00 
4.10231e-03 1.13849e+10  -1.13844e+10 0.00000e+00 
4.12941e-03 1.16864e+10  -1.16859e+10 0.00000e+00 
4.15651e-03 1.19939e+10  -1.19934e+10 0.00000e+00 
4.18361e-03 1.23073e+10  -1.23068e+10 0.00000e+00 
4.21071e-03 1.26269e+10  -1.26263e+10 0.00000e+00 
4.23781e-03 1.29526e+10  -1.29520e+10 0.00000e+00 
4.26490e-03 1.32846e+10  -1.32840e+10 0.00000e+00 
4.29200e-03 1.36229e+10  -1.36224e+10 0.00000e+00 
4.31909e-03 1.39678e+10  -1.39672e+10 0.00000e+00 
4.34619e-03 1.43192e+10  -1.43187e+10 0.00000e+00 
4.37328e-03 1.46773e+10  -1.46767e+10 0.00000e+00 
4.40037e-03 1.50421e+10  -1.50415e+10 0.00000e+00 
4.42746e-03 1.54136e+10  -1.54131e+10 0.00000e+00 
4.45455e-03 1.57921e+10  -1.57915e+10 0.00000e+00 
4.48164e-03 1.61774e+10  -1.61768e+10 0.00000e+00 
4.50873e-03 1.65697e+10  -1.65691e+10 0.00000e+00 
4.53582e-03 1.69691e+10  -1.69685e+10 0.00000e+00 
4.56291e-03 1.73755e+10  -1.73749e+10 0.00000e+00 
4.59000e-03 1.77891e+10  -1.77884e+10 0.00000e+00 
4.61708e-03 1.82098e+10  -1.82092e+10 0.00000e+00 
4.64417e-03 1.86379e+10  -1.86372e+10 0.00000e+00 
4.67125e-03 1.90733e+10  -1.90727e+10 0.00000e+00 
4.69833e-03 1.95161e+10  -1.95155e+10 0.00000e+00 
4.72541e-03 1.99666e+10  -1.99659e+10 0.00000e+00 
4.75249e-03 2.04246e+10  -2.04240e+10 0.00000e+00 
4.77957e-03 2.08904e+10  -2.08898e+10 0.00000e+00 
4.80665e-03 2.13641e+10  -2.13634e+10 0.00000e+00 
4.83373e-03 2.18457e+10  -2.18451e+10 0.00000e+00 
4.86081e-03 2.23355e+10  -2.23348e+10 0.00000e+00 
4.88788e-03 2.28334e+10  -2.28327e+10 0.00000e+00 
4.91496e-03 2.33397e+10  -2.33390e+10 0.00000e+00 
4.94204e-03 2.38543e+10  -2.38536e+10 0.00000e+00 
4.96911e-03 2.43774e+10  -2.43767e+10 0.00000e+00 
4.99618e-03 2.49092e+10  -2.49085e+10 0.00000e+00 
5.02325e-03 2.54496e+10  -2.54489e+10 0.00000e+00 
5.05033e-03 2.59988e+10  -2.59980e+10 0.00000e+00 
5.07740e-03 2.65568e+10  -2.65560e+10 0.00000e+00 
5.10447e-03 2.71236e+10  -2.71229e+10 0.00000e+00 
5.13154e-03 2.76995e+10  -2.76987e+10 0.00000e+00 
5.15860e-03 2.82844e+10  -2.82836e+10 0.00000e+00 
5.18567e-03 2.88783e+10  -2.88776e+10 0.00000e+00 
5.21274e-03 2.94815e+10  -2.94807e+10 0.00000e+00 
5.23980e-03 3.00939e+10  -3.00931e+10 0.00000e+00 
5.26687e-03 3.07156e+10  -3.07148e+10 0.00000e+00 
5.29393e-03 3.13468e+10  -3.13460e+10 0.00000e+00 
5.32099e-03 3.19875e+10  -3.19867e+10 0.00000e+00 
5.34806e-03 3.26378e+10  -3.26370e+10 0.00000e+00 
5.37512e-03 3.32979e+10  -3.32971e+10 0.00000e+00 
5.40218e-03 3.39679e+10  -3.39670e+10 0.00000e+00 
5.42924e-03 3.46478e+10  -3.46469e+10 0.00000e+00 
5.45629e-03 3.53378e+10  -3.53370e+10 0.00000e+00 
5.48335e-03 3.60381e+10  -3.60372e+10 0.00000e+00 
5.51041e-03 3.67487e+10  -3.67478e+10 0.00000e+00 
5.53746e-03 3.74698e+10  -3.74689e+10 0.00000e+00 
5.56452e-03 3.82014e+10  -3.82005e+10 0.00000e+00 
5.59157e-03 3.89437e+10  -3.89428e+10 0.00000e+00 
5.61863e-03 3.96968e+10  -3.96959e+10 0.00000e+00 
5.64568e-03 4.04607e+10  -4.04598e+10 0.00000e+00 
5.67273e-03 4.12356e+10  -4.12346e+10 0.00000e+00 
5.69978e-03 4.20215e+10  -4.20205e+10 0.00000e+00 
5.72683e-03 4.28185e+10  -4.28175e+10 0.00000e+00 
5.75388e-03 4.36267e+10  -4.36257e+10 0.00000e+00 
5.78093e-03 4.44461e+10  -4.44452e+10 0.00000e+00 
5.80798e-03 4.52770e+10  -4.52760e+10 0.00000e+00 
5.83502e-03 4.61192e+10  -4.61183e+10 0.00000e+00 
5.86207e-03 4.69730e+10  -4.69720e+10 0.00000e+00 
5.88911e-03 4.78384e+10  -4.78374e+10 0.00000e+00 
5.91616e-03 4.87156e+10  -4.87146e+10 0.00000e+00 
5.94320e-03 4.96046e+10  -4.96036e+10 0.00000e+00 
5.97024e-03 5.05056e+10  -5.05045e+10 0.00000e+00 
5.99728e-03 5.14186e+10  -5.14176e+10 0.00000e+00 
6.02432e-03 5.23438e+10  -5.23428e+10 0.00000e+00 
6.05136e-03 5.32814e+10  -5.32804e+10 0.00000e+00 
6.07840e-03 5.42315e+10  -5.42304e+10 0.00000e+00 
6.10544e-03 5.51941e+10  -5.51930e+10 0.00000e+00 
6.13248e-03 5.61695e+10  -5.61684e+10 0.00000e+00 
6.15951e-03 5.71577e+10  -5.71566e+10 0.00000e+00 
6.18655e-03 5.81588e+10  -5.81577e+10 0.00000e+00 
6.21358e-03 5.91730e+10  -5.91719e+10 0.00000e+00 
6.24061e-03 6.02004e+10  -6.01993e+10 0.00000e+00 
6.26765e-03 6.12411e+10  -6.12399e+10 0.00000e+00 
6.29468e-03 6.22951e+10  -6.22939e+10 0.00000e+00 
6.32171e-03 6.33626e+10  -6.33614e+10 0.00000e+00 
6.34874e-03 6.44436e+10  -6.44424e+10 0.00000e+00 
6.37577e-03 6.55383e+10  -6.55371e+10 0.00000e+00 
6.40280e-03 6.66467e+10  -6.66455e+10 0.00000e+00 
6.42983e-03 6.77690e+10  -6.77678e+10 0.00000e+00 
6.45685e-03 6.89051e+10  -6.89039e+10 0.00000e+00 
6.48388e-03 7.00554e+10  -7.00542e+10 0.00000e+00 
6.51090e-03 7.12197e+10  -7.12185e+10 0.00000e+00 
6.53793e-03 7.23984e+10  -7.23971e+10 0.00000e+00 
6.56495e-03 7.35914e+10  -7.35901e+10 0.00000e+00 
6.59197e-03 7.47989e+10  -7.47977e+10 0.00000e+00 
6.61899e-03 7.60211e+10  -7.60198e+10 0.00000e+00 
6.64601e-03 7.72580e+10  -7.72568e+10 0.00000e+00 
6.67303e-03 7.85099e+10  -7.85086e+10 0.00000e+00 
6.70005e-03 7.97768e+10  -7.97755e+10 0.00000e+00 
6.72707e-03 8.10589e+10  -8.10576e+10 0.00000e+00 
6.75409e-03 8.23563e+10  -8.23550e+10 0.00000e+00 
6.78110e-03 8.36691e+10  -8.36678e+10 0.00000e+00 
6.80812e-03 8.49975e+10  -8.49962e+10 0.00000e+00 
6.83513e-03 8.63416e+10  -8.63403e+10 0.00000e+00 
6.86215e-03 8.77015e+10  -8.77001e+10 0.00000e+00 
6.88916e-03 8.90773e+10  -8.90759e+10 0.00000e+00 
6.91617e-03 9.04691e+10  -9.04677e+10 0.00000e+00 
6.94318e-03 9.18770e+10  -9.18756e+10 0.00000e+00 
6.97019e-03 9.33011e+10  -9.32997e+10 0.00000e+00 
6.99720e-03 9.47416e+10  -9.47402e+10 0.00000e+00 
7.02421e-03 9.61984e+10  -9.61970e+10 0.00000e+00 
7.05122e-03 9.76719e+10  -9.76705e+10 0.00000e+00 
7.07823e-03 9.91619e+10  -9.91605e+10 0.00000e+00 
7.10523e-03 1.00669e+11  -1.00667e+11 0.00000e+00 
7.13224e-03 1.02193e+11  -1.02191e+11 0.00000e+00 
7.15924e-03 1.03733e+11  -1.03732e+11 0.00000e+00 
7.18625e-03 1.05291e+11  -1.05290e+11 0.00000e+00 
7.21325e-03 1.06866e+11  -1.06865e+11 0.00000e+00 
7.24025e-03 1.08459e+11  -1.08457e+11 0.00000e+00 
7.26725e-03 1.10069e+11  -1.10068e+11 0.00000e+00 
7.29425e-03 1.11697e+11  -1.11695e+11 0.00000e+00 
7.32125e-03 1.13343e+11  -1.13341e+11 0.00000e+00 
7.34825e-03 1.15006e+11  -1.15005e+11 0.00000e+00 
7.37525e-03 1.16688e+11  -1.16687e+11 0.00000e+00 
7.40224e-03 1.18388e+11  -1.18387e+11 0.00000e+00 
7.42924e-03 1.20107e+11  -1.20105e+11 0.00000e+00 
7.45623e-03 1.21844e+11  -1.21842e+11 0.00000e+00 
7.48323e-03 1.23599e+11  -1.23598e+11 0.00000e+00 
7.51022e-03 1.25374e+11  -1.25372e+11 0.00000e+00 
7.53721e-03 1.27167e+11  -1.27165e+11 0.00000e+00 
7.56420e-03 1.28979e+11  -1.28978e+11 0.00000e+00 
7.59120e-03 1.30811e+11  -1.30809e+11 0.00000e+00 
7.61819e-03 1.32661e+11  -1.32659e+11 0.00000e+00 
7.64517e-03 1.34531e+11  -1.34529e+11 0.00000e+00 
7.67216e-03 1.36420e+11  -1.36419e+11 0.00000e+00 
7.69915e-03 1.38329e+11  -1.38328e+11 0.00000e+00 
7.72614e-03 1.40258e+11  -1.40256e+11 0.00000e+00 
7.75312e-03 1.42206e+11  -1.42205e+11 0.00000e+00 
7.78011e-03 1.44175e+11  -1.44173e+11 0.00000e+00 
7.80709e-03 1.46164e+11  -1.46162e+11 0.00000e+00 
7.83407e-03 1.48172e+11  -1.48171e+11 0.00000e+00 
7.86106e-03 1.50202e+11  -1.50200e+11 0.00000e+00 
7.88804e-03 1.52252e+11  -1.52250e+11 0.00000e+00 
7.91502e-03 1.54322e+11  -1.54320e+11 0.00000e+00 
7.94200e-03 1.56414e+11  -1.56412e+11 0.00000e+00 
7.96898e-03 1.58526e+11  -1.58524e+11 0.00000e+00 
7.99595e-03 1.60660e+11  -1.60658e+11 0.00000e+00 
8.02293e-03 1.62814e+11  -1.62813e+11 0.00000e+00 
8.04991e-03 1.64991e+11  -1.64989e+11 0.00000e+00 
8.07688e-03 1.67189e+11  -1.67187e+11 0.00000e+00 
8.10386e-03 1.69408e+11  -1.69406e+11 0.00000e+00 
8.13083e-03 1.71650e+11  -1.71648e+11 0.00000e+00 
8.15780e-03 1.73913e+11  -1.73911e+11 0.00000e+00 
8.18477e-03 1.76198e+11  -1.76196e+11 0.00000e+00 
8.21175e-03 1.78506e+11  -1.78504e+11 0.00000e+00 
8.23872e-03 1.80836e+11  -1.80834e+11 0.00000e+00 
8.26569e-03 1.83188e+11  -1.83186e+11 0.00000e+00 
8.29265e-03 1.85563e+11  -1.85561e+11 0.00000e+00 
8.31962e-03 1.87961e+11  -1.87959e+11 0.00000e+00 
8.34659e-03 1.90381e+11  -1.90380e+11 0.00000e+00 
8.37355e-03 1.92825e+11  -1.92823e+11 0.00000e+00 
8.40052e-03 1.95292e+11  -1.95290e+11 0.00000e+00 
8.42748e-03 1.97782e+11  -1.97780e+11 0.00000e+00 
8.45445e-03 2.00295e+11  -2.00293e+11 0.00000e+00 
8.48141e-03 2.02833e+11  -2.02831e+11 0.00000e+00 
8.50837e-03 2.05393e+11  -2.05391e+11 0.00000e+00 
8.53533e-03 2.07978e+11  -2.07976e+11 0.00000e+00 
8.56229e-03 2.10587e+11  -2.10585e+11 0.00000e+00 
8.58925e-03 2.13220e+11  -2.13218e+11 0.00000e+00 
8.61621e-03 2.15878e+11  -2.15876e+11 0.00000e+00 
8.64317e-03 2.18560e+11  -2.18558e+11 0.00000e+00 
8.67012e-03 2.21267e+11  -2.21264e+11 0.00000e+00 
8.69708e-03 2.23998e+11  -2.23996e+11 0.00000e+00 
8.72403e-03 2.26755e+11  -2.26752e+11 0.00000e+00 
8.75099e-03 2.29536e+11  -2.29534e+11 0.00000e+00 
8.77794e-03 2.32343e+11  -2.32341e+11 0.00000e+00 
8.80489e-03 2.35175e+11  -2.35173e+11 0.00000e+00 
8.83185e-03 2.38033e+11  -2.38031e+11 0.00000e+00 
8.85880e-03 2.40916e+11  -2.40914e+11 0.00000e+00 
8.88575e-03 2.43825e+11  -2.43823e+11 0.00000e+00 
8.91270e-03 2.46760e+11  -2.46758e+11 0.00000e+00 
8.93964e-03 2.49722e+11  -2.49719e+11 0.00000e+00 
8.96659e-03 2.52709e+11  -2.52707e+11 0.00000e+00 
8.99354e-03 2.55723e+11  -2.55720e+11 0.00000e+00 
9.02048e-03 2.58763e+11  -2.58761e+11 0.00000e+00 
9.04743e-03 2.61830e+11  -2.61828e+11 0.00000e+00 
9.07437e-03 2.64924e+11  -2.64921e+11 0.00000e+00 
9.10132e-03 2.68045e+11  -2.68042e+11 0.00000e+00 
9.12826e-03 2.71193e+11  -2.71190e+11 0.00000e+00 
9.15520e-03 2.74368e+11  -2.74366e+11 0.00000e+00 
9.18214e-03 2.77571e+11  -2.77569e+11 0.00000e+00 
9.20908e-03 2.80801e+11  -2.80799e+11 0.00000e+00 
9.23602e-03 2.84060e+11  -2.84057e+11 0.00000e+00 
9.26296e-03 2.87346e+11  -2.87344e+11 0.00000e+00 
9.28989e-03 2.90660e+11  -2.90658e+11 0.00000e+00 
9.31683e-03 2.94003e+11  -2.94001e+11 0.00000e+00 
9.34377e-03 2.97374e+11  -2.97372e+11 0.00000e+00 
9.37070e-03 3.00774e+11  -3.00772e+11 0.00000e+00 
9.39763e-03 3.04202e+11  -3.04200e+11 0.00000e+00 
9.42457e-03 3.07660e+11  -3.07657e+11 0.00000e+00 
9.45150e-03 3.11146e+11  -3.11144e+11 0.00000e+00 
9.47843e-03 3.14662e+11  -3.14659e+11 0.00000e+00 
9.50536e-03 3.18206e+11  -3.18204e+11 0.00000e+00 
9.53229e-03 3.21781e+11  -3.21778e+11 0.00000e+00 
9.55922e-03 3.25384e+11  -3.25382e+11 0.00000e+00 
9.58615e-03 3.29018e+11  -3.29016e+11 0.00000e+00 
9.61307e-03 3.32682e+11  -3.32679e+11 0.00000e+00 
9.64000e-03 3.36376e+11  -3.36373e+11 0.00000e+00 
9.66693e-03 3.40100e+11  -3.40097e+11 0.00000e+00 
9.69385e-03 3.43854e+11  -3.43851e+11 0.00000e+00 
9.72077e-03 3.47639e+11  -3.47636e+11 0.00000e+00 
9.74770e-03 3.51455e+11  -3.51452e+11 0.00000e+00 
9.77462e-03 3.55302e+11  -3.55299e+11 0.00000e+00 
9.80154e-03 3.59180e+11  -3.59177e+11 0.00000e+00 
9.82846e-03 3.63089e+11  -3.63086e+11 0.00000e+00 
9.85538e-03 3.67030e+11  -3.67027e+11 0.00000e+00 
9.88230e-03 3.71002e+11  -3.70999e+11 0.00000e+00 
9.90922e-03 3.75006e+11  -3.75003e+11 0.00000e+00 
9.93613e-03 3.79042e+11  -3.79039e+11 0.00000e+00 
9.96305e-03 3.83110e+11  -3.83107e+11 0.00000e+00 
9.98996e-03 3.87210e+11  -3.87207e+11 0.00000e+00 
