1.36166e-04 4.02861e+02  0.00000e+00 0.00000e+00 
2.72331e-04 3.68965e+03  -3.14543e+03 0.00000e+00 
4.08489e-04 1.26355e+04  -1.15493e+04 0.00000e+00 
5.44640e-04 3.66634e+04  -3.43595e+04 0.00000e+00 
6.80784e-04 9.16706e+04  -8.76175e+04 0.00000e+00 
8.16920e-04 1.91256e+05  -1.86184e+05 0.00000e+00 
9.53048e-04 3.46209e+05  -3.39737e+05 0.00000e+00 
1.08917e-03 5.83090e+05  -5.74029e+05 0.00000e+00 
1.22528e-03 9.38027e+05  -9.25951e+05 0.00000e+00 
1.36139e-03 1.43334e+06  -1.41919e+06 0.00000e+00 
1.49749e-03 2.08665e+06  -2.07012e+06 0.00000e+00 
1.63358e-03 2.94253e+06  -2.92222e+06 0.00000e+00 
1.76966e-03 4.05761e+06  -4.03309e+06 0.00000e+00 
1.90574e-03 5.46351e+06  -5.43575e+06 0.00000e+00 
2.04181e-03 7.18485e+06  -7.15367e+06 0.00000e+00 
2.17787e-03 9.28298e+06  -9.24691e+06 0.00000e+00 
2.31393e-03 1.18341e+07  -1.17927e+07 0.00000e+00 
2.44997e-03 1.48811e+07  -1.48353e+07 0.00000e+00 
2.58601e-03 1.84567e+07  -1.84063e+07 0.00000e+00 
2.72204e-03 2.26369e+07  -2.25806e+07 0.00000e+00 
2.85807e-03 2.75162e+07  -2.74534e+07 0.00000e+00 
2.99409e-03 3.31507e+07  -3.30822e+07 0.00000e+00 
3.13010e-03 3.95825e+07  -3.95084e+07 0.00000e+00 
3.26610e-03 4.69009e+07  -4.68197e+07 0.00000e+00 
3.40209e-03 5.52167e+07  -5.51280e+07 0.00000e+00 
3.53808e-03 6.46008e+07  -6.45052e+07 0.00000e+00 
3.67406e-03 7.51068e+07  -7.50043e+07 0.00000e+00 
3.81004e-03 8.68352e+07  -8.67247e+07 0.00000e+00 
3.94600e-03 9.99119e+07  -9.97928e+07 0.00000e+00 
4.08196e-03 1.14424e+08  -1.14297e+08 0.00000e+00 
4.21791e-03 1.30437e+08  -1.30302e+08 0.00000e+00 
4.35385e-03 1.48063e+08  -1.47919e+08 0.00000e+00 
4.48979e-03 1.67441e+08  -1.67287e+08 0.00000e+00 
4.62572e-03 1.88675e+08  -1.88511e+08 0.00000e+00 
4.76164e-03 2.11844e+08  -2.11672e+08 0.00000e+00 
4.89755e-03 2.37071e+08  -2.36888e+08 0.00000e+00 
5.03346e-03 2.64507e+08  -2.64314e+08 0.00000e+00 
5.16936e-03 2.94272e+08  -2.94068e+08 0.00000e+00 
5.30525e-03 3.26461e+08  -3.26247e+08 0.00000e+00 
5.44113e-03 3.61207e+08  -3.60982e+08 0.00000e+00 
5.57701e-03 3.98672e+08  -3.98435e+08 0.00000e+00 
5.71288e-03 4.38993e+08  -4.38744e+08 0.00000e+00 
5.84874e-03 4.82282e+08  -4.82022e+08 0.00000e+00 
5.98460e-03 5.28681e+08  -5.28408e+08 0.00000e+00 
6.12044e-03 5.78363e+08  -5.78077e+08 0.00000e+00 
6.25628e-03 6.31481e+08  -6.31182e+08 0.00000e+00 
6.39211e-03 6.88163e+08  -6.87852e+08 0.00000e+00 
6.52794e-03 7.48564e+08  -7.48239e+08 0.00000e+00 
6.66376e-03 8.12865e+08  -8.12526e+08 0.00000e+00 
6.79957e-03 8.81235e+08  -8.80883e+08 0.00000e+00 
6.93537e-03 9.53821e+08  -9.53454e+08 0.00000e+00 
7.07116e-03 1.03079e+09  -1.03040e+09 0.00000e+00 
7.20695e-03 1.11232e+09  -1.11193e+09 0.00000e+00 
7.34273e-03 1.19862e+09  -1.19821e+09 0.00000e+00 
7.47851e-03 1.28983e+09  -1.28940e+09 0.00000e+00 
7.61427e-03 1.38614e+09  -1.38570e+09 0.00000e+00 
7.75003e-03 1.48775e+09  -1.48729e+09 0.00000e+00 
7.88578e-03 1.59485e+09  -1.59438e+09 0.00000e+00 
8.02152e-03 1.70763e+09  -1.70714e+09 0.00000e+00 
8.15726e-03 1.82627e+09  -1.82577e+09 0.00000e+00 
8.29299e-03 1.95100e+09  -1.95047e+09 0.00000e+00 
8.42871e-03 2.08201e+09  -2.08147e+09 0.00000e+00 
8.56442e-03 2.21951e+09  -2.21895e+09 0.00000e+00 
8.70013e-03 2.36370e+09  -2.36312e+09 0.00000e+00 
8.83583e-03 2.51480e+09  -2.51420e+09 0.00000e+00 
8.97152e-03 2.67304e+09  -2.67242e+09 0.00000e+00 
9.10721e-03 2.83863e+09  -2.83799e+09 0.00000e+00 
9.24288e-03 3.01178e+09  -3.01113e+09 0.00000e+00 
9.37855e-03 3.19273e+09  -3.19206e+09 0.00000e+00 
9.51422e-03 3.38173e+09  -3.38104e+09 0.00000e+00 
9.64987e-03 3.57899e+09  -3.57828e+09 0.00000e+00 
9.78552e-03 3.78474e+09  -3.78401e+09 0.00000e+00 
9.92116e-03 3.99924e+09  -3.99849e+09 0.00000e+00 
1.00568e-02 4.22273e+09  -4.22196e+09 0.00000e+00 
1.01924e-02 4.45546e+09  -4.45467e+09 0.00000e+00 
1.03280e-02 4.69767e+09  -4.69686e+09 0.00000e+00 
1.04636e-02 4.94962e+09  -4.94878e+09 0.00000e+00 
1.05992e-02 5.21157e+09  -5.21071e+09 0.00000e+00 
1.07348e-02 5.48378e+09  -5.48290e+09 0.00000e+00 
1.08704e-02 5.76650e+09  -5.76560e+09 0.00000e+00 
1.10060e-02 6.06002e+09  -6.05909e+09 0.00000e+00 
1.11416e-02 6.36459e+09  -6.36364e+09 0.00000e+00 
1.12772e-02 6.68051e+09  -6.67953e+09 0.00000e+00 
1.14127e-02 7.00803e+09  -7.00703e+09 0.00000e+00 
1.15483e-02 7.34744e+09  -7.34642e+09 0.00000e+00 
1.16838e-02 7.69903e+09  -7.69799e+09 0.00000e+00 
1.18193e-02 8.06309e+09  -8.06202e+09 0.00000e+00 
1.19549e-02 8.43990e+09  -8.43881e+09 0.00000e+00 
1.20904e-02 8.82976e+09  -8.82864e+09 0.00000e+00 
1.22259e-02 9.23296e+09  -9.23182e+09 0.00000e+00 
1.23614e-02 9.64981e+09  -9.64865e+09 0.00000e+00 
1.24969e-02 1.00806e+10  -1.00794e+10 0.00000e+00 
1.26324e-02 1.05257e+10  -1.05245e+10 0.00000e+00 
1.27679e-02 1.09853e+10  -1.09841e+10 0.00000e+00 
1.29034e-02 1.14598e+10  -1.14586e+10 0.00000e+00 
1.30388e-02 1.19495e+10  -1.19482e+10 0.00000e+00 
1.31743e-02 1.24548e+10  -1.24535e+10 0.00000e+00 
1.33098e-02 1.29759e+10  -1.29745e+10 0.00000e+00 
1.34452e-02 1.35131e+10  -1.35117e+10 0.00000e+00 
1.35806e-02 1.40669e+10  -1.40655e+10 0.00000e+00 
1.37161e-02 1.46375e+10  -1.46361e+10 0.00000e+00 
1.38515e-02 1.52253e+10  -1.52238e+10 0.00000e+00 
1.39869e-02 1.58306e+10  -1.58291e+10 0.00000e+00 
1.41223e-02 1.64537e+10  -1.64522e+10 0.00000e+00 
1.42577e-02 1.70951e+10  -1.70935e+10 0.00000e+00 
1.43931e-02 1.77550e+10  -1.77534e+10 0.00000e+00 
1.45285e-02 1.84338e+10  -1.84322e+10 0.00000e+00 
1.46639e-02 1.91320e+10  -1.91303e+10 0.00000e+00 
1.47993e-02 1.98497e+10  -1.98480e+10 0.00000e+00 
1.49346e-02 2.05874e+10  -2.05857e+10 0.00000e+00 
1.50700e-02 2.13455e+10  -2.13438e+10 0.00000e+00 
1.52054e-02 2.21244e+10  -2.21226e+10 0.00000e+00 
1.53407e-02 2.29243e+10  -2.29225e+10 0.00000e+00 
1.54760e-02 2.37457e+10  -2.37439e+10 0.00000e+00 
1.56114e-02 2.45890e+10  -2.45872e+10 0.00000e+00 
1.57467e-02 2.54546e+10  -2.54527e+10 0.00000e+00 
1.58820e-02 2.63427e+10  -2.63408e+10 0.00000e+00 
1.60173e-02 2.72539e+10  -2.72520e+10 0.00000e+00 
1.61526e-02 2.81886e+10  -2.81866e+10 0.00000e+00 
1.62879e-02 2.91470e+10  -2.91450e+10 0.00000e+00 
1.64232e-02 3.01297e+10  -3.01276e+10 0.00000e+00 
1.65585e-02 3.11370e+10  -3.11349e+10 0.00000e+00 
1.66937e-02 3.21693e+10  -3.21672e+10 0.00000e+00 
1.68290e-02 3.32271e+10  -3.32249e+10 0.00000e+00 
1.69643e-02 3.43107e+10  -3.43085e+10 0.00000e+00 
1.70995e-02 3.54206e+10  -3.54183e+10 0.00000e+00 
1.72348e-02 3.65572e+10  -3.65549e+10 0.00000e+00 
1.73700e-02 3.77209e+10  -3.77185e+10 0.00000e+00 
1.75052e-02 3.89121e+10  -3.89098e+10 0.00000e+00 
1.76404e-02 4.01313e+10  -4.01289e+10 0.00000e+00 
1.77757e-02 4.13790e+10  -4.13765e+10 0.00000e+00 
1.79109e-02 4.26554e+10  -4.26530e+10 0.00000e+00 
1.80461e-02 4.39612e+10  -4.39587e+10 0.00000e+00 
1.81812e-02 4.52967e+10  -4.52942e+10 0.00000e+00 
1.83164e-02 4.66624e+10  -4.66598e+10 0.00000e+00 
1.84516e-02 4.80586e+10  -4.80560e+10 0.00000e+00 
1.85868e-02 4.94860e+10  -4.94834e+10 0.00000e+00 
1.87219e-02 5.09449e+10  -5.09423e+10 0.00000e+00 
1.88571e-02 5.24359e+10  -5.24331e+10 0.00000e+00 
1.89922e-02 5.39592e+10  -5.39565e+10 0.00000e+00 
1.91274e-02 5.55155e+10  -5.55127e+10 0.00000e+00 
1.92625e-02 5.71052e+10  -5.71024e+10 0.00000e+00 
1.93976e-02 5.87288e+10  -5.87259e+10 0.00000e+00 
1.95327e-02 6.03867e+10  -6.03838e+10 0.00000e+00 
1.96678e-02 6.20795e+10  -6.20765e+10 0.00000e+00 
1.98030e-02 6.38076e+10  -6.38046e+10 0.00000e+00 
1.99380e-02 6.55714e+10  -6.55684e+10 0.00000e+00 
2.00731e-02 6.73716e+10  -6.73685e+10 0.00000e+00 
2.02082e-02 6.92085e+10  -6.92054e+10 0.00000e+00 
2.03433e-02 7.10828e+10  -7.10796e+10 0.00000e+00 
2.04783e-02 7.29948e+10  -7.29915e+10 0.00000e+00 
2.06134e-02 7.49450e+10  -7.49418e+10 0.00000e+00 
2.07485e-02 7.69341e+10  -7.69308e+10 0.00000e+00 
2.08835e-02 7.89625e+10  -7.89592e+10 0.00000e+00 
2.10185e-02 8.10307e+10  -8.10273e+10 0.00000e+00 
2.11536e-02 8.31392e+10  -8.31358e+10 0.00000e+00 
2.12886e-02 8.52886e+10  -8.52851e+10 0.00000e+00 
2.14236e-02 8.74793e+10  -8.74758e+10 0.00000e+00 
2.15586e-02 8.97119e+10  -8.97084e+10 0.00000e+00 
2.16936e-02 9.19870e+10  -9.19834e+10 0.00000e+00 
2.18286e-02 9.43050e+10  -9.43014e+10 0.00000e+00 
2.19636e-02 9.66665e+10  -9.66628e+10 0.00000e+00 
2.20986e-02 9.90721e+10  -9.90684e+10 0.00000e+00 
2.22335e-02 1.01522e+11  -1.01518e+11 0.00000e+00 
2.23685e-02 1.04017e+11  -1.04014e+11 0.00000e+00 
2.25034e-02 1.06558e+11  -1.06555e+11 0.00000e+00 
2.26384e-02 1.09146e+11  -1.09142e+11 0.00000e+00 
2.27733e-02 1.11780e+11  -1.11776e+11 0.00000e+00 
2.29083e-02 1.14461e+11  -1.14457e+11 0.00000e+00 
2.30432e-02 1.17190e+11  -1.17186e+11 0.00000e+00 
2.31781e-02 1.19968e+11  -1.19964e+11 0.00000e+00 
2.33130e-02 1.22794e+11  -1.22790e+11 0.00000e+00 
2.34479e-02 1.25671e+11  -1.25667e+11 0.00000e+00 
2.35828e-02 1.28597e+11  -1.28593e+11 0.00000e+00 
2.37177e-02 1.31575e+11  -1.31570e+11 0.00000e+00 
2.38526e-02 1.34603e+11  -1.34599e+11 0.00000e+00 
2.39875e-02 1.37684e+11  -1.37679e+11 0.00000e+00 
2.41223e-02 1.40817e+11  -1.40812e+11 0.00000e+00 
2.42572e-02 1.44003e+11  -1.43999e+11 0.00000e+00 
2.43920e-02 1.47243e+11  -1.47238e+11 0.00000e+00 
2.45269e-02 1.50537e+11  -1.50533e+11 0.00000e+00 
2.46617e-02 1.53886e+11  -1.53882e+11 0.00000e+00 
2.47965e-02 1.57291e+11  -1.57286e+11 0.00000e+00 
2.49314e-02 1.60752e+11  -1.60747e+11 0.00000e+00 
2.50662e-02 1.64269e+11  -1.64265e+11 0.00000e+00 
2.52010e-02 1.67844e+11  -1.67840e+11 0.00000e+00 
2.53358e-02 1.71477e+11  -1.71472e+11 0.00000e+00 
2.54706e-02 1.75169e+11  -1.75164e+11 0.00000e+00 
2.56054e-02 1.78919e+11  -1.78914e+11 0.00000e+00 
2.57401e-02 1.82730e+11  -1.82725e+11 0.00000e+00 
2.58749e-02 1.86601e+11  -1.86596e+11 0.00000e+00 
2.60097e-02 1.90533e+11  -1.90528e+11 0.00000e+00 
2.61444e-02 1.94527e+11  -1.94522e+11 0.00000e+00 
2.62792e-02 1.98583e+11  -1.98578e+11 0.00000e+00 
2.64139e-02 2.02703e+11  -2.02697e+11 0.00000e+00 
2.65487e-02 2.06886e+11  -2.06880e+11 0.00000e+00 
2.66834e-02 2.11133e+11  -2.11128e+11 0.00000e+00 
2.68181e-02 2.15445e+11  -2.15440e+11 0.00000e+00 
2.69528e-02 2.19823e+11  -2.19818e+11 0.00000e+00 
2.70875e-02 2.24268e+11  -2.24262e+11 0.00000e+00 
2.72222e-02 2.28779e+11  -2.28773e+11 0.00000e+00 
2.73569e-02 2.33358e+11  -2.33352e+11 0.00000e+00 
2.74916e-02 2.38005e+11  -2.37999e+11 0.00000e+00 
2.76263e-02 2.42722e+11  -2.42716e+11 0.00000e+00 
2.77609e-02 2.47507e+11  -2.47502e+11 0.00000e+00 
2.78956e-02 2.52364e+11  -2.52358e+11 0.00000e+00 
2.80303e-02 2.57291e+11  -2.57285e+11 0.00000e+00 
2.81649e-02 2.62290e+11  -2.62284e+11 0.00000e+00 
2.82995e-02 2.67361e+11  -2.67355e+11 0.00000e+00 
2.84342e-02 2.72506e+11  -2.72500e+11 0.00000e+00 
2.85688e-02 2.77724e+11  -2.77718e+11 0.00000e+00 
2.87034e-02 2.83017e+11  -2.83011e+11 0.00000e+00 
2.88380e-02 2.88385e+11  -2.88379e+11 0.00000e+00 
2.89726e-02 2.93829e+11  -2.93823e+11 0.00000e+00 
2.91072e-02 2.99350e+11  -2.99343e+11 0.00000e+00 
2.92418e-02 3.04948e+11  -3.04941e+11 0.00000e+00 
2.93764e-02 3.10624e+11  -3.10617e+11 0.00000e+00 
2.95110e-02 3.16379e+11  -3.16372e+11 0.00000e+00 
2.96455e-02 3.22213e+11  -3.22206e+11 0.00000e+00 
2.97801e-02 3.28127e+11  -3.28121e+11 0.00000e+00 
2.99146e-02 3.34123e+11  -3.34116e+11 0.00000e+00 
3.00492e-02 3.40200e+11  -3.40193e+11 0.00000e+00 
3.01837e-02 3.46359e+11  -3.46352e+11 0.00000e+00 
3.03182e-02 3.52602e+11  -3.52595e+11 0.00000e+00 
3.04528e-02 3.58929e+11  -3.58922e+11 0.00000e+00 
3.05873e-02 3.65340e+11  -3.65333e+11 0.00000e+00 
3.07218e-02 3.71837e+11  -3.71830e+11 0.00000e+00 
3.08563e-02 3.78420e+11  -3.78412e+11 0.00000e+00 
3.09908e-02 3.85089e+11  -3.85082e+11 0.00000e+00 
3.11253e-02 3.91847e+11  -3.91839e+11 0.00000e+00 
3.12597e-02 3.98693e+11  -3.98685e+11 0.00000e+00 
3.13942e-02 4.05628e+11  -4.05620e+11 0.00000e+00 
3.15287e-02 4.12653e+11  -4.12645e+11 0.00000e+00 
3.16631e-02 4.19768e+11  -4.19761e+11 0.00000e+00 
3.17976e-02 4.26976e+11  -4.26968e+11 0.00000e+00 
3.19320e-02 4.34275e+11  -4.34267e+11 0.00000e+00 
3.20665e-02 4.41668e+11  -4.41660e+11 0.00000e+00 
3.22009e-02 4.49154e+11  -4.49146e+11 0.00000e+00 
3.23353e-02 4.56736e+11  -4.56728e+11 0.00000e+00 
3.24697e-02 4.64412e+11  -4.64404e+11 0.00000e+00 
3.26041e-02 4.72185e+11  -4.72177e+11 0.00000e+00 
3.27385e-02 4.80055e+11  -4.80047e+11 0.00000e+00 
3.28729e-02 4.88023e+11  -4.88014e+11 0.00000e+00 
3.30073e-02 4.96089e+11  -4.96081e+11 0.00000e+00 
3.31417e-02 5.04255e+11  -5.04246e+11 0.00000e+00 
3.32760e-02 5.12521e+11  -5.12512e+11 0.00000e+00 
3.34104e-02 5.20888e+11  -5.20879e+11 0.00000e+00 
3.35447e-02 5.29357e+11  -5.29348e+11 0.00000e+00 
3.36791e-02 5.37929e+11  -5.37920e+11 0.00000e+00 
3.38134e-02 5.46604e+11  -5.46595e+11 0.00000e+00 
3.39478e-02 5.55384e+11  -5.55375e+11 0.00000e+00 
3.40821e-02 5.64268e+11  -5.64260e+11 0.00000e+00 
3.42164e-02 5.73259e+11  -5.73250e+11 0.00000e+00 
3.43507e-02 5.82357e+11  -5.82348e+11 0.00000e+00 
3.44850e-02 5.91563e+11  -5.91553e+11 0.00000e+00 
3.46193e-02 6.00877e+11  -6.00867e+11 0.00000e+00 
3.47536e-02 6.10300e+11  -6.10291e+11 0.00000e+00 
3.48879e-02 6.19834e+11  -6.19824e+11 0.00000e+00 
3.50221e-02 6.29478e+11  -6.29469e+11 0.00000e+00 
3.51564e-02 6.39235e+11  -6.39226e+11 0.00000e+00 
3.52907e-02 6.49105e+11  -6.49095e+11 0.00000e+00 
3.54249e-02 6.59088e+11  -6.59078e+11 0.00000e+00 
3.55592e-02 6.69186e+11  -6.69176e+11 0.00000e+00 
3.56934e-02 6.79399e+11  -6.79389e+11 0.00000e+00 
3.58276e-02 6.89728e+11  -6.89719e+11 0.00000e+00 
3.59619e-02 7.00175e+11  -7.00165e+11 0.00000e+00 
3.60961e-02 7.10740e+11  -7.10730e+11 0.00000e+00 
3.62303e-02 7.21423e+11  -7.21413e+11 0.00000e+00 
3.63645e-02 7.32227e+11  -7.32217e+11 0.00000e+00 
3.64987e-02 7.43151e+11  -7.43141e+11 0.00000e+00 
3.66328e-02 7.54197e+11  -7.54187e+11 0.00000e+00 
3.67670e-02 7.65365e+11  -7.65355e+11 0.00000e+00 
3.69012e-02 7.76657e+11  -7.76646e+11 0.00000e+00 
3.70354e-02 7.88073e+11  -7.88062e+11 0.00000e+00 
3.71695e-02 7.99614e+11  -7.99603e+11 0.00000e+00 
3.73037e-02 8.11281e+11  -8.11271e+11 0.00000e+00 
3.74378e-02 8.23076e+11  -8.23065e+11 0.00000e+00 
3.75719e-02 8.34998e+11  -8.34987e+11 0.00000e+00 
3.77061e-02 8.47049e+11  -8.47038e+11 0.00000e+00 
3.78402e-02 8.59230e+11  -8.59219e+11 0.00000e+00 
3.79743e-02 8.71541e+11  -8.71530e+11 0.00000e+00 
3.81084e-02 8.83985e+11  -8.83973e+11 0.00000e+00 
3.82425e-02 8.96560e+11  -8.96549e+11 0.00000e+00 
3.83766e-02 9.09270e+11  -9.09258e+11 0.00000e+00 
3.85107e-02 9.22113e+11  -9.22102e+11 0.00000e+00 
3.86447e-02 9.35092e+11  -9.35081e+11 0.00000e+00 
3.87788e-02 9.48208e+11  -9.48196e+11 0.00000e+00 
3.89129e-02 9.61460e+11  -9.61449e+11 0.00000e+00 
3.90469e-02 9.74851e+11  -9.74840e+11 0.00000e+00 
3.91810e-02 9.88381e+11  -9.88370e+11 0.00000e+00 
3.93150e-02 1.00205e+12  -1.00204e+12 0.00000e+00 
3.94490e-02 1.01586e+12  -1.01585e+12 0.00000e+00 
3.95831e-02 1.02982e+12  -1.02980e+12 0.00000e+00 
3.97171e-02 1.04391e+12  -1.04390e+12 0.00000e+00 
3.98511e-02 1.05815e+12  -1.05814e+12 0.00000e+00 
3.99851e-02 1.07254e+12  -1.07253e+12 0.00000e+00 
4.01191e-02 1.08707e+12  -1.08706e+12 0.00000e+00 
4.02531e-02 1.10175e+12  -1.10174e+12 0.00000e+00 
4.03871e-02 1.11657e+12  -1.11656e+12 0.00000e+00 
4.05210e-02 1.13155e+12  -1.13154e+12 0.00000e+00 
4.06550e-02 1.14667e+12  -1.14666e+12 0.00000e+00 
4.07890e-02 1.16195e+12  -1.16194e+12 0.00000e+00 
4.09229e-02 1.17738e+12  -1.17736e+12 0.00000e+00 
4.10569e-02 1.19296e+12  -1.19294e+12 0.00000e+00 
4.11908e-02 1.20869e+12  -1.20868e+12 0.00000e+00 
4.13247e-02 1.22458e+12  -1.22457e+12 0.00000e+00 
4.14586e-02 1.24063e+12  -1.24061e+12 0.00000e+00 
4.15926e-02 1.25683e+12  -1.25681e+12 0.00000e+00 
4.17265e-02 1.27319e+12  -1.27317e+12 0.00000e+00 
4.18604e-02 1.28971e+12  -1.28969e+12 0.00000e+00 
4.19943e-02 1.30639e+12  -1.30637e+12 0.00000e+00 
4.21281e-02 1.32323e+12  -1.32321e+12 0.00000e+00 
4.22620e-02 1.34023e+12  -1.34021e+12 0.00000e+00 
4.23959e-02 1.35739e+12  -1.35738e+12 0.00000e+00 
4.25298e-02 1.37472e+12  -1.37471e+12 0.00000e+00 
4.26636e-02 1.39221e+12  -1.39220e+12 0.00000e+00 
4.27975e-02 1.40987e+12  -1.40986e+12 0.00000e+00 
4.29313e-02 1.42770e+12  -1.42769e+12 0.00000e+00 
4.30651e-02 1.44570e+12  -1.44568e+12 0.00000e+00 
4.31990e-02 1.46386e+12  -1.46385e+12 0.00000e+00 
4.33328e-02 1.48220e+12  -1.48218e+12 0.00000e+00 
4.34666e-02 1.50070e+12  -1.50069e+12 0.00000e+00 
4.36004e-02 1.51938e+12  -1.51937e+12 0.00000e+00 
4.37342e-02 1.53824e+12  -1.53822e+12 0.00000e+00 
4.38680e-02 1.55726e+12  -1.55725e+12 0.00000e+00 
4.40018e-02 1.57647e+12  -1.57645e+12 0.00000e+00 
4.41356e-02 1.59584e+12  -1.59583e+12 0.00000e+00 
4.42693e-02 1.61540e+12  -1.61539e+12 0.00000e+00 
4.44031e-02 1.63514e+12  -1.63512e+12 0.00000e+00 
4.45368e-02 1.65505e+12  -1.65504e+12 0.00000e+00 
4.46706e-02 1.67515e+12  -1.67514e+12 0.00000e+00 
4.48043e-02 1.69543e+12  -1.69542e+12 0.00000e+00 
4.49381e-02 1.71589e+12  -1.71588e+12 0.00000e+00 
4.50718e-02 1.73654e+12  -1.73653e+12 0.00000e+00 
4.52055e-02 1.75737e+12  -1.75736e+12 0.00000e+00 
4.53392e-02 1.77839e+12  -1.77838e+12 0.00000e+00 
4.54729e-02 1.79960e+12  -1.79958e+12 0.00000e+00 
4.56066e-02 1.82099e+12  -1.82098e+12 0.00000e+00 
4.57403e-02 1.84258e+12  -1.84256e+12 0.00000e+00 
4.58740e-02 1.86436e+12  -1.86434e+12 0.00000e+00 
4.60077e-02 1.88632e+12  -1.88631e+12 0.00000e+00 
4.61413e-02 1.90849e+12  -1.90847e+12 0.00000e+00 
4.62750e-02 1.93084e+12  -1.93082e+12 0.00000e+00 
4.64086e-02 1.95339e+12  -1.95338e+12 0.00000e+00 
4.65423e-02 1.97614e+12  -1.97612e+12 0.00000e+00 
4.66759e-02 1.99909e+12  -1.99907e+12 0.00000e+00 
4.68096e-02 2.02223e+12  -2.02221e+12 0.00000e+00 
4.69432e-02 2.04558e+12  -2.04556e+12 0.00000e+00 
4.70768e-02 2.06912e+12  -2.06910e+12 0.00000e+00 
4.72104e-02 2.09287e+12  -2.09285e+12 0.00000e+00 
4.73440e-02 2.11682e+12  -2.11680e+12 0.00000e+00 
4.74776e-02 2.14098e+12  -2.14096e+12 0.00000e+00 
4.76112e-02 2.16534e+12  -2.16532e+12 0.00000e+00 
4.77448e-02 2.18991e+12  -2.18989e+12 0.00000e+00 
4.78783e-02 2.21468e+12  -2.21467e+12 0.00000e+00 
4.80119e-02 2.23967e+12  -2.23965e+12 0.00000e+00 
4.81455e-02 2.26487e+12  -2.26485e+12 0.00000e+00 
4.82790e-02 2.29027e+12  -2.29026e+12 0.00000e+00 
4.84126e-02 2.31589e+12  -2.31588e+12 0.00000e+00 
4.85461e-02 2.34173e+12  -2.34171e+12 0.00000e+00 
4.86796e-02 2.36778e+12  -2.36776e+12 0.00000e+00 
4.88131e-02 2.39405e+12  -2.39403e+12 0.00000e+00 
4.89467e-02 2.42053e+12  -2.42051e+12 0.00000e+00 
4.90802e-02 2.44723e+12  -2.44721e+12 0.00000e+00 
4.92137e-02 2.47415e+12  -2.47413e+12 0.00000e+00 
4.93472e-02 2.50130e+12  -2.50128e+12 0.00000e+00 
4.94806e-02 2.52866e+12  -2.52864e+12 0.00000e+00 
4.96141e-02 2.55625e+12  -2.55623e+12 0.00000e+00 
4.97476e-02 2.58407e+12  -2.58405e+12 0.00000e+00 
4.98810e-02 2.61210e+12  -2.61209e+12 0.00000e+00 
5.00145e-02 2.64037e+12  -2.64035e+12 0.00000e+00 
5.01480e-02 2.66887e+12  -2.66885e+12 0.00000e+00 
5.02814e-02 2.69759e+12  -2.69757e+12 0.00000e+00 
5.04148e-02 2.72655e+12  -2.72653e+12 0.00000e+00 
5.05483e-02 2.75573e+12  -2.75571e+12 0.00000e+00 
5.06817e-02 2.78516e+12  -2.78514e+12 0.00000e+00 
5.08151e-02 2.81481e+12  -2.81479e+12 0.00000e+00 
5.09485e-02 2.84470e+12  -2.84468e+12 0.00000e+00 
5.10819e-02 2.87483e+12  -2.87481e+12 0.00000e+00 
5.12153e-02 2.90520e+12  -2.90517e+12 0.00000e+00 
5.13487e-02 2.93580e+12  -2.93578e+12 0.00000e+00 
5.14820e-02 2.96665e+12  -2.96663e+12 0.00000e+00 
5.16154e-02 2.99773e+12  -2.99771e+12 0.00000e+00 
5.17488e-02 3.02907e+12  -3.02905e+12 0.00000e+00 
5.18821e-02 3.06064e+12  -3.06062e+12 0.00000e+00 
5.20155e-02 3.09246e+12  -3.09244e+12 0.00000e+00 
5.21488e-02 3.12453e+12  -3.12451e+12 0.00000e+00 
5.22821e-02 3.15685e+12  -3.15683e+12 0.00000e+00 
5.24155e-02 3.18941e+12  -3.18939e+12 0.00000e+00 
5.25488e-02 3.22223e+12  -3.22221e+12 0.00000e+00 
5.26821e-02 3.25530e+12  -3.25528e+12 0.00000e+00 
5.28154e-02 3.28862e+12  -3.28860e+12 0.00000e+00 
5.29487e-02 3.32220e+12  -3.32218e+12 0.00000e+00 
5.30820e-02 3.35603e+12  -3.35601e+12 0.00000e+00 
5.32153e-02 3.39012e+12  -3.39010e+12 0.00000e+00 
5.33485e-02 3.42447e+12  -3.42445e+12 0.00000e+00 
5.34818e-02 3.45908e+12  -3.45906e+12 0.00000e+00 
5.36151e-02 3.49395e+12  -3.49393e+12 0.00000e+00 
5.37483e-02 3.52908e+12  -3.52906e+12 0.00000e+00 
5.38816e-02 3.56448e+12  -3.56445e+12 0.00000e+00 
5.40148e-02 3.60014e+12  -3.60011e+12 0.00000e+00 
5.41480e-02 3.63606e+12  -3.63604e+12 0.00000e+00 
5.42813e-02 3.67226e+12  -3.67224e+12 0.00000e+00 
5.44145e-02 3.70872e+12  -3.70870e+12 0.00000e+00 
5.45477e-02 3.74546e+12  -3.74543e+12 0.00000e+00 
5.46809e-02 3.78246e+12  -3.78244e+12 0.00000e+00 
5.48141e-02 3.81974e+12  -3.81972e+12 0.00000e+00 
5.49473e-02 3.85729e+12  -3.85727e+12 0.00000e+00 
5.50805e-02 3.89512e+12  -3.89510e+12 0.00000e+00 
5.52136e-02 3.93322e+12  -3.93320e+12 0.00000e+00 
5.53468e-02 3.97161e+12  -3.97158e+12 0.00000e+00 
5.54799e-02 4.01027e+12  -4.01025e+12 0.00000e+00 
5.56131e-02 4.04922e+12  -4.04919e+12 0.00000e+00 
5.57462e-02 4.08844e+12  -4.08842e+12 0.00000e+00 
5.58794e-02 4.12795e+12  -4.12793e+12 0.00000e+00 
5.60125e-02 4.16775e+12  -4.16772e+12 0.00000e+00 
5.61456e-02 4.20783e+12  -4.20780e+12 0.00000e+00 
5.62787e-02 4.24820e+12  -4.24817e+12 0.00000e+00 
5.64119e-02 4.28886e+12  -4.28883e+12 0.00000e+00 
5.65450e-02 4.32980e+12  -4.32978e+12 0.00000e+00 
5.66780e-02 4.37104e+12  -4.37102e+12 0.00000e+00 
5.68111e-02 4.41258e+12  -4.41255e+12 0.00000e+00 
5.69442e-02 4.45441e+12  -4.45438e+12 0.00000e+00 
5.70773e-02 4.49653e+12  -4.49651e+12 0.00000e+00 
5.72103e-02 4.53895e+12  -4.53893e+12 0.00000e+00 
5.73434e-02 4.58167e+12  -4.58165e+12 0.00000e+00 
5.74765e-02 4.62469e+12  -4.62467e+12 0.00000e+00 
5.76095e-02 4.66802e+12  -4.66799e+12 0.00000e+00 
5.77425e-02 4.71164e+12  -4.71162e+12 0.00000e+00 
5.78756e-02 4.75557e+12  -4.75555e+12 0.00000e+00 
5.80086e-02 4.79981e+12  -4.79978e+12 0.00000e+00 
5.81416e-02 4.84435e+12  -4.84432e+12 0.00000e+00 
5.82746e-02 4.88920e+12  -4.88917e+12 0.00000e+00 
5.84076e-02 4.93436e+12  -4.93434e+12 0.00000e+00 
5.85406e-02 4.97983e+12  -4.97981e+12 0.00000e+00 
5.86736e-02 5.02562e+12  -5.02559e+12 0.00000e+00 
5.88066e-02 5.07172e+12  -5.07169e+12 0.00000e+00 
5.89395e-02 5.11814e+12  -5.11811e+12 0.00000e+00 
5.90725e-02 5.16487e+12  -5.16484e+12 0.00000e+00 
5.92054e-02 5.21192e+12  -5.21189e+12 0.00000e+00 
5.93384e-02 5.25929e+12  -5.25926e+12 0.00000e+00 
5.94713e-02 5.30698e+12  -5.30695e+12 0.00000e+00 
5.96043e-02 5.35500e+12  -5.35497e+12 0.00000e+00 
5.97372e-02 5.40334e+12  -5.40331e+12 0.00000e+00 
5.98701e-02 5.45200e+12  -5.45197e+12 0.00000e+00 
6.00030e-02 5.50099e+12  -5.50097e+12 0.00000e+00 
6.01359e-02 5.55032e+12  -5.55029e+12 0.00000e+00 
6.02688e-02 5.59997e+12  -5.59994e+12 0.00000e+00 
6.04017e-02 5.64995e+12  -5.64992e+12 0.00000e+00 
6.05346e-02 5.70027e+12  -5.70024e+12 0.00000e+00 
6.06675e-02 5.75092e+12  -5.75089e+12 0.00000e+00 
6.08003e-02 5.80190e+12  -5.80187e+12 0.00000e+00 
6.09332e-02 5.85323e+12  -5.85320e+12 0.00000e+00 
6.10661e-02 5.90489e+12  -5.90486e+12 0.00000e+00 
6.11989e-02 5.95689e+12  -5.95686e+12 0.00000e+00 
6.13317e-02 6.00924e+12  -6.00921e+12 0.00000e+00 
6.14646e-02 6.06192e+12  -6.06190e+12 0.00000e+00 
6.15974e-02 6.11496e+12  -6.11493e+12 0.00000e+00 
6.17302e-02 6.16834e+12  -6.16831e+12 0.00000e+00 
6.18630e-02 6.22206e+12  -6.22204e+12 0.00000e+00 
6.19958e-02 6.27614e+12  -6.27611e+12 0.00000e+00 
6.21286e-02 6.33057e+12  -6.33054e+12 0.00000e+00 
6.22614e-02 6.38535e+12  -6.38532e+12 0.00000e+00 
6.23942e-02 6.44048e+12  -6.44045e+12 0.00000e+00 
6.25270e-02 6.49597e+12  -6.49594e+12 0.00000e+00 
6.26597e-02 6.55182e+12  -6.55179e+12 0.00000e+00 
6.27925e-02 6.60802e+12  -6.60799e+12 0.00000e+00 
6.29253e-02 6.66459e+12  -6.66456e+12 0.00000e+00 
6.30580e-02 6.72151e+12  -6.72148e+12 0.00000e+00 
6.31907e-02 6.77880e+12  -6.77877e+12 0.00000e+00 
6.33235e-02 6.83646e+12  -6.83642e+12 0.00000e+00 
6.34562e-02 6.89448e+12  -6.89444e+12 0.00000e+00 
6.35889e-02 6.95286e+12  -6.95283e+12 0.00000e+00 
6.37216e-02 7.01162e+12  -7.01159e+12 0.00000e+00 
6.38543e-02 7.07074e+12  -7.07071e+12 0.00000e+00 
6.39870e-02 7.13024e+12  -7.13021e+12 0.00000e+00 
6.41197e-02 7.19012e+12  -7.19008e+12 0.00000e+00 
6.42524e-02 7.25036e+12  -7.25033e+12 0.00000e+00 
6.43851e-02 7.31099e+12  -7.31096e+12 0.00000e+00 
6.45177e-02 7.37199e+12  -7.37196e+12 0.00000e+00 
6.46504e-02 7.43338e+12  -7.43334e+12 0.00000e+00 
6.47830e-02 7.49514e+12  -7.49511e+12 0.00000e+00 
6.49157e-02 7.55729e+12  -7.55726e+12 0.00000e+00 
6.50483e-02 7.61982e+12  -7.61979e+12 0.00000e+00 
6.51809e-02 7.68274e+12  -7.68271e+12 0.00000e+00 
6.53136e-02 7.74605e+12  -7.74601e+12 0.00000e+00 
6.54462e-02 7.80974e+12  -7.80971e+12 0.00000e+00 
6.55788e-02 7.87383e+12  -7.87380e+12 0.00000e+00 
6.57114e-02 7.93831e+12  -7.93828e+12 0.00000e+00 
6.58440e-02 8.00318e+12  -8.00315e+12 0.00000e+00 
6.59766e-02 8.06845e+12  -8.06842e+12 0.00000e+00 
6.61092e-02 8.13412e+12  -8.13409e+12 0.00000e+00 
6.62417e-02 8.20019e+12  -8.20015e+12 0.00000e+00 
6.63743e-02 8.26665e+12  -8.26662e+12 0.00000e+00 
6.65068e-02 8.33352e+12  -8.33349e+12 0.00000e+00 
6.66394e-02 8.40079e+12  -8.40076e+12 0.00000e+00 
6.67719e-02 8.46847e+12  -8.46844e+12 0.00000e+00 
6.69045e-02 8.53656e+12  -8.53652e+12 0.00000e+00 
6.70370e-02 8.60505e+12  -8.60502e+12 0.00000e+00 
6.71695e-02 8.67395e+12  -8.67392e+12 0.00000e+00 
6.73020e-02 8.74327e+12  -8.74324e+12 0.00000e+00 
6.74345e-02 8.81300e+12  -8.81296e+12 0.00000e+00 
6.75670e-02 8.88314e+12  -8.88311e+12 0.00000e+00 
6.76995e-02 8.95370e+12  -8.95367e+12 0.00000e+00 
6.78320e-02 9.02468e+12  -9.02465e+12 0.00000e+00 
6.79645e-02 9.09608e+12  -9.09605e+12 0.00000e+00 
6.80970e-02 9.16790e+12  -9.16787e+12 0.00000e+00 
6.82294e-02 9.24015e+12  -9.24011e+12 0.00000e+00 
6.83619e-02 9.31282e+12  -9.31278e+12 0.00000e+00 
6.84943e-02 9.38591e+12  -9.38588e+12 0.00000e+00 
6.86268e-02 9.45944e+12  -9.45940e+12 0.00000e+00 
6.87592e-02 9.53339e+12  -9.53336e+12 0.00000e+00 
6.88916e-02 9.60778e+12  -9.60774e+12 0.00000e+00 
6.90241e-02 9.68260e+12  -9.68256e+12 0.00000e+00 
6.91565e-02 9.75785e+12  -9.75781e+12 0.00000e+00 
6.92889e-02 9.83354e+12  -9.83350e+12 0.00000e+00 
6.94213e-02 9.90967e+12  -9.90963e+12 0.00000e+00 
6.95537e-02 9.98624e+12  -9.98620e+12 0.00000e+00 
6.96861e-02 1.00632e+13  -1.00632e+13 0.00000e+00 
6.98184e-02 1.01407e+13  -1.01407e+13 0.00000e+00 
6.99508e-02 1.02186e+13  -1.02186e+13 0.00000e+00 
7.00832e-02 1.02969e+13  -1.02969e+13 0.00000e+00 
7.02155e-02 1.03757e+13  -1.03757e+13 0.00000e+00 
7.03479e-02 1.04550e+13  -1.04549e+13 0.00000e+00 
7.04802e-02 1.05347e+13  -1.05346e+13 0.00000e+00 
7.06126e-02 1.06148e+13  -1.06148e+13 0.00000e+00 
7.07449e-02 1.06954e+13  -1.06954e+13 0.00000e+00 
7.08772e-02 1.07765e+13  -1.07765e+13 0.00000e+00 
7.10095e-02 1.08580e+13  -1.08580e+13 0.00000e+00 
7.11418e-02 1.09400e+13  -1.09400e+13 0.00000e+00 
7.12741e-02 1.10224e+13  -1.10224e+13 0.00000e+00 
7.14064e-02 1.11053e+13  -1.11053e+13 0.00000e+00 
7.15387e-02 1.11887e+13  -1.11887e+13 0.00000e+00 
7.16710e-02 1.12726e+13  -1.12725e+13 0.00000e+00 
7.18032e-02 1.13569e+13  -1.13568e+13 0.00000e+00 
7.19355e-02 1.14416e+13  -1.14416e+13 0.00000e+00 
7.20678e-02 1.15269e+13  -1.15268e+13 0.00000e+00 
7.22000e-02 1.16126e+13  -1.16126e+13 0.00000e+00 
7.23322e-02 1.16988e+13  -1.16988e+13 0.00000e+00 
7.24645e-02 1.17855e+13  -1.17854e+13 0.00000e+00 
7.25967e-02 1.18726e+13  -1.18726e+13 0.00000e+00 
7.27289e-02 1.19603e+13  -1.19602e+13 0.00000e+00 
7.28611e-02 1.20484e+13  -1.20484e+13 0.00000e+00 
7.29933e-02 1.21370e+13  -1.21370e+13 0.00000e+00 
7.31255e-02 1.22261e+13  -1.22261e+13 0.00000e+00 
7.32577e-02 1.23157e+13  -1.23156e+13 0.00000e+00 
7.33899e-02 1.24058e+13  -1.24057e+13 0.00000e+00 
7.35221e-02 1.24963e+13  -1.24963e+13 0.00000e+00 
7.36542e-02 1.25874e+13  -1.25873e+13 0.00000e+00 
7.37864e-02 1.26789e+13  -1.26789e+13 0.00000e+00 
7.39186e-02 1.27710e+13  -1.27709e+13 0.00000e+00 
7.40507e-02 1.28635e+13  -1.28635e+13 0.00000e+00 
7.41829e-02 1.29566e+13  -1.29565e+13 0.00000e+00 
7.43150e-02 1.30501e+13  -1.30501e+13 0.00000e+00 
7.44471e-02 1.31442e+13  -1.31441e+13 0.00000e+00 
7.45792e-02 1.32387e+13  -1.32387e+13 0.00000e+00 
7.47113e-02 1.33338e+13  -1.33338e+13 0.00000e+00 
7.48434e-02 1.34294e+13  -1.34293e+13 0.00000e+00 
7.49755e-02 1.35255e+13  -1.35254e+13 0.00000e+00 
7.51076e-02 1.36221e+13  -1.36220e+13 0.00000e+00 
7.52397e-02 1.37192e+13  -1.37191e+13 0.00000e+00 
7.53718e-02 1.38168e+13  -1.38168e+13 0.00000e+00 
7.55039e-02 1.39150e+13  -1.39149e+13 0.00000e+00 
7.56359e-02 1.40136e+13  -1.40136e+13 0.00000e+00 
7.57680e-02 1.41128e+13  -1.41128e+13 0.00000e+00 
7.59000e-02 1.42126e+13  -1.42125e+13 0.00000e+00 
7.60320e-02 1.43128e+13  -1.43128e+13 0.00000e+00 
7.61641e-02 1.44136e+13  -1.44135e+13 0.00000e+00 
7.62961e-02 1.45149e+13  -1.45148e+13 0.00000e+00 
7.64281e-02 1.46167e+13  -1.46167e+13 0.00000e+00 
7.65601e-02 1.47191e+13  -1.47190e+13 0.00000e+00 
7.66921e-02 1.48220e+13  -1.48219e+13 0.00000e+00 
7.68241e-02 1.49254e+13  -1.49254e+13 0.00000e+00 
7.69561e-02 1.50294e+13  -1.50294e+13 0.00000e+00 
7.70881e-02 1.51339e+13  -1.51339e+13 0.00000e+00 
7.72201e-02 1.52390e+13  -1.52389e+13 0.00000e+00 
7.73520e-02 1.53446e+13  -1.53445e+13 0.00000e+00 
7.74840e-02 1.54507e+13  -1.54507e+13 0.00000e+00 
7.76160e-02 1.55574e+13  -1.55574e+13 0.00000e+00 
7.77479e-02 1.56647e+13  -1.56646e+13 0.00000e+00 
7.78798e-02 1.57725e+13  -1.57724e+13 0.00000e+00 
7.80118e-02 1.58808e+13  -1.58808e+13 0.00000e+00 
7.81437e-02 1.59897e+13  -1.59897e+13 0.00000e+00 
7.82756e-02 1.60992e+13  -1.60992e+13 0.00000e+00 
7.84075e-02 1.62092e+13  -1.62092e+13 0.00000e+00 
7.85394e-02 1.63198e+13  -1.63198e+13 0.00000e+00 
7.86713e-02 1.64310e+13  -1.64309e+13 0.00000e+00 
7.88032e-02 1.65427e+13  -1.65427e+13 0.00000e+00 
7.89351e-02 1.66550e+13  -1.66549e+13 0.00000e+00 
7.90670e-02 1.67678e+13  -1.67678e+13 0.00000e+00 
7.91988e-02 1.68813e+13  -1.68812e+13 0.00000e+00 
7.93307e-02 1.69953e+13  -1.69952e+13 0.00000e+00 
7.94625e-02 1.71098e+13  -1.71098e+13 0.00000e+00 
7.95944e-02 1.72250e+13  -1.72249e+13 0.00000e+00 
7.97262e-02 1.73407e+13  -1.73407e+13 0.00000e+00 
7.98580e-02 1.74570e+13  -1.74570e+13 0.00000e+00 
7.99899e-02 1.75739e+13  -1.75738e+13 0.00000e+00 
8.01217e-02 1.76914e+13  -1.76913e+13 0.00000e+00 
8.02535e-02 1.78094e+13  -1.78094e+13 0.00000e+00 
8.03853e-02 1.79281e+13  -1.79280e+13 0.00000e+00 
8.05171e-02 1.80473e+13  -1.80473e+13 0.00000e+00 
8.06489e-02 1.81671e+13  -1.81671e+13 0.00000e+00 
8.07807e-02 1.82876e+13  -1.82875e+13 0.00000e+00 
8.09124e-02 1.84086e+13  -1.84085e+13 0.00000e+00 
8.10442e-02 1.85302e+13  -1.85301e+13 0.00000e+00 
8.11760e-02 1.86524e+13  -1.86524e+13 0.00000e+00 
8.13077e-02 1.87752e+13  -1.87752e+13 0.00000e+00 
8.14395e-02 1.88986e+13  -1.88986e+13 0.00000e+00 
8.15712e-02 1.90227e+13  -1.90226e+13 0.00000e+00 
8.17029e-02 1.91473e+13  -1.91472e+13 0.00000e+00 
8.18346e-02 1.92725e+13  -1.92725e+13 0.00000e+00 
8.19664e-02 1.93984e+13  -1.93983e+13 0.00000e+00 
8.20981e-02 1.95249e+13  -1.95248e+13 0.00000e+00 
8.22298e-02 1.96519e+13  -1.96519e+13 0.00000e+00 
8.23615e-02 1.97796e+13  -1.97796e+13 0.00000e+00 
8.24931e-02 1.99080e+13  -1.99079e+13 0.00000e+00 
8.26248e-02 2.00369e+13  -2.00369e+13 0.00000e+00 
8.27565e-02 2.01665e+13  -2.01664e+13 0.00000e+00 
8.28882e-02 2.02967e+13  -2.02966e+13 0.00000e+00 
8.30198e-02 2.04275e+13  -2.04274e+13 0.00000e+00 
8.31515e-02 2.05589e+13  -2.05589e+13 0.00000e+00 
8.32831e-02 2.06910e+13  -2.06909e+13 0.00000e+00 
8.34148e-02 2.08237e+13  -2.08237e+13 0.00000e+00 
8.35464e-02 2.09571e+13  -2.09570e+13 0.00000e+00 
8.36780e-02 2.10910e+13  -2.10910e+13 0.00000e+00 
8.38096e-02 2.12257e+13  -2.12256e+13 0.00000e+00 
8.39412e-02 2.13609e+13  -2.13609e+13 0.00000e+00 
8.40728e-02 2.14968e+13  -2.14968e+13 0.00000e+00 
8.42044e-02 2.16334e+13  -2.16333e+13 0.00000e+00 
8.43360e-02 2.17706e+13  -2.17705e+13 0.00000e+00 
8.44676e-02 2.19084e+13  -2.19084e+13 0.00000e+00 
8.45992e-02 2.20469e+13  -2.20469e+13 0.00000e+00 
8.47307e-02 2.21861e+13  -2.21860e+13 0.00000e+00 
8.48623e-02 2.23259e+13  -2.23258e+13 0.00000e+00 
8.49938e-02 2.24664e+13  -2.24663e+13 0.00000e+00 
8.51254e-02 2.26075e+13  -2.26074e+13 0.00000e+00 
8.52569e-02 2.27493e+13  -2.27492e+13 0.00000e+00 
8.53884e-02 2.28917e+13  -2.28917e+13 0.00000e+00 
8.55200e-02 2.30348e+13  -2.30348e+13 0.00000e+00 
8.56515e-02 2.31786e+13  -2.31786e+13 0.00000e+00 
8.57830e-02 2.33231e+13  -2.33230e+13 0.00000e+00 
8.59145e-02 2.34682e+13  -2.34681e+13 0.00000e+00 
8.60460e-02 2.36140e+13  -2.36139e+13 0.00000e+00 
8.61775e-02 2.37605e+13  -2.37604e+13 0.00000e+00 
8.63089e-02 2.39076e+13  -2.39076e+13 0.00000e+00 
8.64404e-02 2.40555e+13  -2.40554e+13 0.00000e+00 
8.65719e-02 2.42040e+13  -2.42039e+13 0.00000e+00 
8.67033e-02 2.43532e+13  -2.43531e+13 0.00000e+00 
8.68348e-02 2.45031e+13  -2.45030e+13 0.00000e+00 
8.69662e-02 2.46536e+13  -2.46536e+13 0.00000e+00 
8.70977e-02 2.48049e+13  -2.48048e+13 0.00000e+00 
8.72291e-02 2.49569e+13  -2.49568e+13 0.00000e+00 
8.73605e-02 2.51095e+13  -2.51095e+13 0.00000e+00 
8.74919e-02 2.52629e+13  -2.52628e+13 0.00000e+00 
8.76233e-02 2.54169e+13  -2.54169e+13 0.00000e+00 
8.77547e-02 2.55717e+13  -2.55716e+13 0.00000e+00 
8.78861e-02 2.57271e+13  -2.57271e+13 0.00000e+00 
8.80175e-02 2.58833e+13  -2.58832e+13 0.00000e+00 
8.81489e-02 2.60401e+13  -2.60401e+13 0.00000e+00 
8.82803e-02 2.61977e+13  -2.61977e+13 0.00000e+00 
8.84116e-02 2.63560e+13  -2.63559e+13 0.00000e+00 
8.85430e-02 2.65150e+13  -2.65149e+13 0.00000e+00 
8.86743e-02 2.66747e+13  -2.66747e+13 0.00000e+00 
8.88057e-02 2.68351e+13  -2.68351e+13 0.00000e+00 
8.89370e-02 2.69963e+13  -2.69962e+13 0.00000e+00 
8.90684e-02 2.71582e+13  -2.71581e+13 0.00000e+00 
8.91997e-02 2.73208e+13  -2.73207e+13 0.00000e+00 
8.93310e-02 2.74841e+13  -2.74840e+13 0.00000e+00 
8.94623e-02 2.76482e+13  -2.76481e+13 0.00000e+00 
8.95936e-02 2.78129e+13  -2.78129e+13 0.00000e+00 
8.97249e-02 2.79785e+13  -2.79784e+13 0.00000e+00 
8.98562e-02 2.81447e+13  -2.81447e+13 0.00000e+00 
8.99875e-02 2.83117e+13  -2.83116e+13 0.00000e+00 
9.01187e-02 2.84794e+13  -2.84794e+13 0.00000e+00 
9.02500e-02 2.86479e+13  -2.86478e+13 0.00000e+00 
9.03812e-02 2.88171e+13  -2.88171e+13 0.00000e+00 
9.05125e-02 2.89871e+13  -2.89870e+13 0.00000e+00 
9.06437e-02 2.91578e+13  -2.91577e+13 0.00000e+00 
9.07750e-02 2.93293e+13  -2.93292e+13 0.00000e+00 
9.09062e-02 2.95015e+13  -2.95014e+13 0.00000e+00 
9.10374e-02 2.96744e+13  -2.96744e+13 0.00000e+00 
9.11686e-02 2.98482e+13  -2.98481e+13 0.00000e+00 
9.12998e-02 3.00226e+13  -3.00226e+13 0.00000e+00 
9.14310e-02 3.01979e+13  -3.01978e+13 0.00000e+00 
9.15622e-02 3.03739e+13  -3.03738e+13 0.00000e+00 
9.16934e-02 3.05507e+13  -3.05506e+13 0.00000e+00 
9.18246e-02 3.07282e+13  -3.07281e+13 0.00000e+00 
9.19558e-02 3.09065e+13  -3.09064e+13 0.00000e+00 
9.20869e-02 3.10856e+13  -3.10855e+13 0.00000e+00 
9.22181e-02 3.12654e+13  -3.12654e+13 0.00000e+00 
9.23492e-02 3.14461e+13  -3.14460e+13 0.00000e+00 
9.24804e-02 3.16275e+13  -3.16274e+13 0.00000e+00 
9.26115e-02 3.18097e+13  -3.18096e+13 0.00000e+00 
9.27427e-02 3.19927e+13  -3.19926e+13 0.00000e+00 
9.28738e-02 3.21764e+13  -3.21763e+13 0.00000e+00 
9.30049e-02 3.23610e+13  -3.23609e+13 0.00000e+00 
9.31360e-02 3.25463e+13  -3.25462e+13 0.00000e+00 
9.32671e-02 3.27324e+13  -3.27324e+13 0.00000e+00 
9.33982e-02 3.29193e+13  -3.29193e+13 0.00000e+00 
9.35293e-02 3.31071e+13  -3.31070e+13 0.00000e+00 
9.36604e-02 3.32956e+13  -3.32955e+13 0.00000e+00 
9.37914e-02 3.34849e+13  -3.34848e+13 0.00000e+00 
9.39225e-02 3.36750e+13  -3.36750e+13 0.00000e+00 
9.40535e-02 3.38660e+13  -3.38659e+13 0.00000e+00 
9.41846e-02 3.40577e+13  -3.40576e+13 0.00000e+00 
9.43156e-02 3.42502e+13  -3.42502e+13 0.00000e+00 
9.44467e-02 3.44436e+13  -3.44435e+13 0.00000e+00 
9.45777e-02 3.46378e+13  -3.46377e+13 0.00000e+00 
9.47087e-02 3.48328e+13  -3.48327e+13 0.00000e+00 
9.48397e-02 3.50286e+13  -3.50285e+13 0.00000e+00 
9.49707e-02 3.52252e+13  -3.52251e+13 0.00000e+00 
9.51018e-02 3.54227e+13  -3.54226e+13 0.00000e+00 
9.52327e-02 3.56209e+13  -3.56209e+13 0.00000e+00 
9.53637e-02 3.58200e+13  -3.58200e+13 0.00000e+00 
9.54947e-02 3.60200e+13  -3.60199e+13 0.00000e+00 
9.56257e-02 3.62207e+13  -3.62207e+13 0.00000e+00 
9.57566e-02 3.64223e+13  -3.64223e+13 0.00000e+00 
9.58876e-02 3.66248e+13  -3.66247e+13 0.00000e+00 
9.60186e-02 3.68281e+13  -3.68280e+13 0.00000e+00 
9.61495e-02 3.70322e+13  -3.70321e+13 0.00000e+00 
9.62804e-02 3.72372e+13  -3.72371e+13 0.00000e+00 
9.64114e-02 3.74430e+13  -3.74429e+13 0.00000e+00 
9.65423e-02 3.76496e+13  -3.76496e+13 0.00000e+00 
9.66732e-02 3.78572e+13  -3.78571e+13 0.00000e+00 
9.68041e-02 3.80655e+13  -3.80654e+13 0.00000e+00 
9.69350e-02 3.82747e+13  -3.82747e+13 0.00000e+00 
9.70659e-02 3.84848e+13  -3.84848e+13 0.00000e+00 
9.71968e-02 3.86958e+13  -3.86957e+13 0.00000e+00 
9.73277e-02 3.89076e+13  -3.89075e+13 0.00000e+00 
9.74585e-02 3.91202e+13  -3.91202e+13 0.00000e+00 
9.75894e-02 3.93338e+13  -3.93337e+13 0.00000e+00 
9.77203e-02 3.95482e+13  -3.95481e+13 0.00000e+00 
9.78511e-02 3.97635e+13  -3.97634e+13 0.00000e+00 
9.79819e-02 3.99796e+13  -3.99795e+13 0.00000e+00 
9.81128e-02 4.01966e+13  -4.01966e+13 0.00000e+00 
9.82436e-02 4.04145e+13  -4.04145e+13 0.00000e+00 
9.83744e-02 4.06333e+13  -4.06333e+13 0.00000e+00 
9.85052e-02 4.08530e+13  -4.08529e+13 0.00000e+00 
9.86361e-02 4.10736e+13  -4.10735e+13 0.00000e+00 
9.87669e-02 4.12950e+13  -4.12949e+13 0.00000e+00 
9.88976e-02 4.15173e+13  -4.15173e+13 0.00000e+00 
9.90284e-02 4.17406e+13  -4.17405e+13 0.00000e+00 
9.91592e-02 4.19647e+13  -4.19646e+13 0.00000e+00 
9.92900e-02 4.21897e+13  -4.21897e+13 0.00000e+00 
9.94208e-02 4.24157e+13  -4.24156e+13 0.00000e+00 
9.95515e-02 4.26425e+13  -4.26424e+13 0.00000e+00 
9.96823e-02 4.28702e+13  -4.28701e+13 0.00000e+00 
9.98130e-02 4.30989e+13  -4.30988e+13 0.00000e+00 
9.99437e-02 4.33284e+13  -4.33283e+13 0.00000e+00 
