
step = 0     time = 0.00e+00     dt = 1.70e-04
Displacment
 0.0000E+00  0.0000E+00  0.0000E+00 
 0.0000E+00  0.0000E+00  0.0000E+00 
 0.0000E+00  0.0000E+00  0.0000E+00 
 0.0000E+00  0.0000E+00  0.0000E+00 
 0.0000E+00  0.0000E+00  0.0000E+00 
 0.0000E+00  0.0000E+00  0.0000E+00 
 0.0000E+00  0.0000E+00  0.0000E+00 
 0.0000E+00  0.0000E+00  0.0000E+00 

step = 1     time = 1.70e-04     dt = 1.70e-04
Displacment
 0.0000E+00  0.0000E+00  0.0000E+00 
 0.0000E+00  0.0000E+00  0.0000E+00 
 0.0000E+00  6.8083E-04  0.0000E+00 
 0.0000E+00  6.8083E-04  0.0000E+00 
 0.0000E+00  0.0000E+00  0.0000E+00 
 0.0000E+00  0.0000E+00  0.0000E+00 
 0.0000E+00  6.8083E-04  0.0000E+00 
 0.0000E+00  6.8083E-04  0.0000E+00 

step = 2     time = 3.40e-04     dt = 1.70e-04
Displacment
 0.0000E+00  0.0000E+00  0.0000E+00 
-5.8423E-04  0.0000E+00  0.0000E+00 
 0.0000E+00  1.3617E-03  0.0000E+00 
-5.8423E-04  1.3617E-03  0.0000E+00 
 0.0000E+00  0.0000E+00 -5.8423E-04 
-5.8423E-04  0.0000E+00 -5.8423E-04 
 0.0000E+00  1.3617E-03 -5.8423E-04 
-5.8423E-04  1.3617E-03 -5.8423E-04 

step = 3     time = 5.11e-04     dt = 1.70e-04
Displacment
 0.0000E+00  0.0000E+00  0.0000E+00 
-6.6454E-04  0.0000E+00  0.0000E+00 
 0.0000E+00  2.0425E-03  0.0000E+00 
-6.6454E-04  2.0425E-03  0.0000E+00 
 0.0000E+00  0.0000E+00 -6.6454E-04 
-6.6454E-04  0.0000E+00 -6.6454E-04 
 0.0000E+00  2.0425E-03 -6.6454E-04 
-6.6454E-04  2.0425E-03 -6.6454E-04 

step = 4     time = 6.81e-04     dt = 1.70e-04
Displacment
 0.0000E+00  0.0000E+00  0.0000E+00 
-5.9466E-04  0.0000E+00  0.0000E+00 
 0.0000E+00  2.7229E-03  0.0000E+00 
-5.9466E-04  2.7229E-03  0.0000E+00 
 0.0000E+00  0.0000E+00 -5.9466E-04 
-5.9466E-04  0.0000E+00 -5.9466E-04 
 0.0000E+00  2.7229E-03 -5.9466E-04 
-5.9466E-04  2.7229E-03 -5.9466E-04 

step = 5     time = 8.51e-04     dt = 1.70e-04
Displacment
 0.0000E+00  0.0000E+00  0.0000E+00 
-1.1587E-03  0.0000E+00  0.0000E+00 
 0.0000E+00  3.4033E-03  0.0000E+00 
-1.1587E-03  3.4033E-03  0.0000E+00 
 0.0000E+00  0.0000E+00 -1.1587E-03 
-1.1587E-03  0.0000E+00 -1.1587E-03 
 0.0000E+00  3.4033E-03 -1.1587E-03 
-1.1587E-03  3.4033E-03 -1.1587E-03 

step = 6     time = 1.02e-03     dt = 1.70e-04
Displacment
 0.0000E+00  0.0000E+00  0.0000E+00 
-1.3221E-03  0.0000E+00  0.0000E+00 
 0.0000E+00  4.0837E-03  0.0000E+00 
-1.3221E-03  4.0837E-03  0.0000E+00 
 0.0000E+00  0.0000E+00 -1.3221E-03 
-1.3221E-03  0.0000E+00 -1.3221E-03 
 0.0000E+00  4.0837E-03 -1.3221E-03 
-1.3221E-03  4.0837E-03 -1.3221E-03 

step = 7     time = 1.19e-03     dt = 1.70e-04
Displacment
 0.0000E+00  0.0000E+00  0.0000E+00 
-1.1994E-03  0.0000E+00  0.0000E+00 
 0.0000E+00  4.7638E-03  0.0000E+00 
-1.1994E-03  4.7638E-03  0.0000E+00 
 0.0000E+00  0.0000E+00 -1.1994E-03 
-1.1994E-03  0.0000E+00 -1.1994E-03 
 0.0000E+00  4.7638E-03 -1.1994E-03 
-1.1994E-03  4.7638E-03 -1.1994E-03 

step = 8     time = 1.36e-03     dt = 1.70e-04
Displacment
 0.0000E+00  0.0000E+00  0.0000E+00 
-1.7266E-03  0.0000E+00  0.0000E+00 
 0.0000E+00  5.4437E-03  0.0000E+00 
-1.7266E-03  5.4437E-03  0.0000E+00 
 0.0000E+00  0.0000E+00 -1.7266E-03 
-1.7266E-03  0.0000E+00 -1.7266E-03 
 0.0000E+00  5.4437E-03 -1.7266E-03 
-1.7266E-03  5.4437E-03 -1.7266E-03 

step = 9     time = 1.53e-03     dt = 1.70e-04
Displacment
 0.0000E+00  0.0000E+00  0.0000E+00 
-1.9710E-03  0.0000E+00  0.0000E+00 
 0.0000E+00  6.1237E-03  0.0000E+00 
-1.9710E-03  6.1237E-03  0.0000E+00 
 0.0000E+00  0.0000E+00 -1.9710E-03 
-1.9710E-03  0.0000E+00 -1.9710E-03 
 0.0000E+00  6.1237E-03 -1.9710E-03 
-1.9710E-03  6.1237E-03 -1.9710E-03 

step = 10     time = 1.70e-03     dt = 1.70e-04
Displacment
 0.0000E+00  0.0000E+00  0.0000E+00 
-1.8127E-03  0.0000E+00  0.0000E+00 
 0.0000E+00  6.8033E-03  0.0000E+00 
-1.8127E-03  6.8033E-03  0.0000E+00 
 0.0000E+00  0.0000E+00 -1.8127E-03 
-1.8127E-03  0.0000E+00 -1.8127E-03 
 0.0000E+00  6.8033E-03 -1.8127E-03 
-1.8127E-03  6.8033E-03 -1.8127E-03 

step = 11     time = 1.87e-03     dt = 1.70e-04
Displacment
 0.0000E+00  0.0000E+00  0.0000E+00 
-2.2905E-03  0.0000E+00  0.0000E+00 
 0.0000E+00  7.4828E-03  0.0000E+00 
-2.2905E-03  7.4828E-03  0.0000E+00 
 0.0000E+00  0.0000E+00 -2.2905E-03 
-2.2905E-03  0.0000E+00 -2.2905E-03 
 0.0000E+00  7.4828E-03 -2.2905E-03 
-2.2905E-03  7.4828E-03 -2.2905E-03 

step = 12     time = 2.04e-03     dt = 1.70e-04
Displacment
 0.0000E+00  0.0000E+00  0.0000E+00 
-2.6102E-03  0.0000E+00  0.0000E+00 
 0.0000E+00  8.1624E-03  0.0000E+00 
-2.6102E-03  8.1624E-03  0.0000E+00 
 0.0000E+00  0.0000E+00 -2.6102E-03 
-2.6102E-03  0.0000E+00 -2.6102E-03 
 0.0000E+00  8.1624E-03 -2.6102E-03 
-2.6102E-03  8.1624E-03 -2.6102E-03 

step = 13     time = 2.21e-03     dt = 1.70e-04
Displacment
 0.0000E+00  0.0000E+00  0.0000E+00 
-2.4329E-03  0.0000E+00  0.0000E+00 
 0.0000E+00  8.8417E-03  0.0000E+00 
-2.4329E-03  8.8417E-03  0.0000E+00 
 0.0000E+00  0.0000E+00 -2.4329E-03 
-2.4329E-03  0.0000E+00 -2.4329E-03 
 0.0000E+00  8.8417E-03 -2.4329E-03 
-2.4329E-03  8.8417E-03 -2.4329E-03 

step = 14     time = 2.38e-03     dt = 1.70e-04
Displacment
 0.0000E+00  0.0000E+00  0.0000E+00 
-2.8529E-03  0.0000E+00  0.0000E+00 
 0.0000E+00  9.5207E-03  0.0000E+00 
-2.8529E-03  9.5207E-03  0.0000E+00 
 0.0000E+00  0.0000E+00 -2.8529E-03 
-2.8529E-03  0.0000E+00 -2.8529E-03 
 0.0000E+00  9.5207E-03 -2.8529E-03 
-2.8529E-03  9.5207E-03 -2.8529E-03 

step = 15     time = 2.55e-03     dt = 1.70e-04
Displacment
 0.0000E+00  0.0000E+00  0.0000E+00 
-3.2395E-03  0.0000E+00  0.0000E+00 
 0.0000E+00  1.0200E-02  0.0000E+00 
-3.2395E-03  1.0200E-02  0.0000E+00 
 0.0000E+00  0.0000E+00 -3.2395E-03 
-3.2395E-03  0.0000E+00 -3.2395E-03 
 0.0000E+00  1.0200E-02 -3.2395E-03 
-3.2395E-03  1.0200E-02 -3.2395E-03 

step = 16     time = 2.72e-03     dt = 1.70e-04
Displacment
 0.0000E+00  0.0000E+00  0.0000E+00 
-3.0580E-03  0.0000E+00  0.0000E+00 
 0.0000E+00  1.0879E-02  0.0000E+00 
-3.0580E-03  1.0879E-02  0.0000E+00 
 0.0000E+00  0.0000E+00 -3.0580E-03 
-3.0580E-03  0.0000E+00 -3.0580E-03 
 0.0000E+00  1.0879E-02 -3.0580E-03 
-3.0580E-03  1.0879E-02 -3.0580E-03 

step = 17     time = 2.89e-03     dt = 1.70e-04
Displacment
 0.0000E+00  0.0000E+00  0.0000E+00 
-3.4156E-03  0.0000E+00  0.0000E+00 
 0.0000E+00  1.1557E-02  0.0000E+00 
-3.4156E-03  1.1557E-02  0.0000E+00 
 0.0000E+00  0.0000E+00 -3.4156E-03 
-3.4156E-03  0.0000E+00 -3.4156E-03 
 0.0000E+00  1.1557E-02 -3.4156E-03 
-3.4156E-03  1.1557E-02 -3.4156E-03 

step = 18     time = 3.06e-03     dt = 1.70e-04
Displacment
 0.0000E+00  0.0000E+00  0.0000E+00 
-3.8592E-03  0.0000E+00  0.0000E+00 
 0.0000E+00  1.2236E-02  0.0000E+00 
-3.8592E-03  1.2236E-02  0.0000E+00 
 0.0000E+00  0.0000E+00 -3.8592E-03 
-3.8592E-03  0.0000E+00 -3.8592E-03 
 0.0000E+00  1.2236E-02 -3.8592E-03 
-3.8592E-03  1.2236E-02 -3.8592E-03 

step = 19     time = 3.23e-03     dt = 1.70e-04
Displacment
 0.0000E+00  0.0000E+00  0.0000E+00 
-3.6860E-03  0.0000E+00  0.0000E+00 
 0.0000E+00  1.2915E-02  0.0000E+00 
-3.6860E-03  1.2915E-02  0.0000E+00 
 0.0000E+00  0.0000E+00 -3.6860E-03 
-3.6860E-03  0.0000E+00 -3.6860E-03 
 0.0000E+00  1.2915E-02 -3.6860E-03 
-3.6860E-03  1.2915E-02 -3.6860E-03 

step = 20     time = 3.40e-03     dt = 1.70e-04
Displacment
 0.0000E+00  0.0000E+00  0.0000E+00 
-3.9800E-03  0.0000E+00  0.0000E+00 
 0.0000E+00  1.3593E-02  0.0000E+00 
-3.9800E-03  1.3593E-02  0.0000E+00 
 0.0000E+00  0.0000E+00 -3.9800E-03 
-3.9800E-03  0.0000E+00 -3.9800E-03 
 0.0000E+00  1.3593E-02 -3.9800E-03 
-3.9800E-03  1.3593E-02 -3.9800E-03 

step = 21     time = 3.57e-03     dt = 1.70e-04
Displacment
 0.0000E+00  0.0000E+00  0.0000E+00 
-4.4700E-03  0.0000E+00  0.0000E+00 
 0.0000E+00  1.4271E-02  0.0000E+00 
-4.4700E-03  1.4271E-02  0.0000E+00 
 0.0000E+00  0.0000E+00 -4.4700E-03 
-4.4700E-03  0.0000E+00 -4.4700E-03 
 0.0000E+00  1.4271E-02 -4.4700E-03 
-4.4700E-03  1.4271E-02 -4.4700E-03 

step = 22     time = 3.74e-03     dt = 1.69e-04
Displacment
 0.0000E+00  0.0000E+00  0.0000E+00 
-4.3151E-03  0.0000E+00  0.0000E+00 
 0.0000E+00  1.4949E-02  0.0000E+00 
-4.3151E-03  1.4949E-02  0.0000E+00 
 0.0000E+00  0.0000E+00 -4.3151E-03 
-4.3151E-03  0.0000E+00 -4.3151E-03 
 0.0000E+00  1.4949E-02 -4.3151E-03 
-4.3151E-03  1.4949E-02 -4.3151E-03 

step = 23     time = 3.91e-03     dt = 1.69e-04
Displacment
 0.0000E+00  0.0000E+00  0.0000E+00 
-4.5469E-03  0.0000E+00  0.0000E+00 
 0.0000E+00  1.5627E-02  0.0000E+00 
-4.5469E-03  1.5627E-02  0.0000E+00 
 0.0000E+00  0.0000E+00 -4.5469E-03 
-4.5469E-03  0.0000E+00 -4.5469E-03 
 0.0000E+00  1.5627E-02 -4.5469E-03 
-4.5469E-03  1.5627E-02 -4.5469E-03 

step = 24     time = 4.08e-03     dt = 1.69e-04
Displacment
 0.0000E+00  0.0000E+00  0.0000E+00 
-5.0730E-03  0.0000E+00  0.0000E+00 
 0.0000E+00  1.6305E-02  0.0000E+00 
-5.0730E-03  1.6305E-02  0.0000E+00 
 0.0000E+00  0.0000E+00 -5.0730E-03 
-5.0730E-03  0.0000E+00 -5.0730E-03 
 0.0000E+00  1.6305E-02 -5.0730E-03 
-5.0730E-03  1.6305E-02 -5.0730E-03 

step = 25     time = 4.25e-03     dt = 1.69e-04
Displacment
 0.0000E+00  0.0000E+00  0.0000E+00 
-4.9437E-03  0.0000E+00  0.0000E+00 
 0.0000E+00  1.6983E-02  0.0000E+00 
-4.9437E-03  1.6983E-02  0.0000E+00 
 0.0000E+00  0.0000E+00 -4.9437E-03 
-4.9437E-03  0.0000E+00 -4.9437E-03 
 0.0000E+00  1.6983E-02 -4.9437E-03 
-4.9437E-03  1.6983E-02 -4.9437E-03 

step = 26     time = 4.42e-03     dt = 1.69e-04
Displacment
 0.0000E+00  0.0000E+00  0.0000E+00 
-5.1168E-03  0.0000E+00  0.0000E+00 
 0.0000E+00  1.7660E-02  0.0000E+00 
-5.1168E-03  1.7660E-02  0.0000E+00 
 0.0000E+00  0.0000E+00 -5.1168E-03 
-5.1168E-03  0.0000E+00 -5.1168E-03 
 0.0000E+00  1.7660E-02 -5.1168E-03 
-5.1168E-03  1.7660E-02 -5.1168E-03 

step = 27     time = 4.58e-03     dt = 1.69e-04
Displacment
 0.0000E+00  0.0000E+00  0.0000E+00 
-5.6692E-03  0.0000E+00  0.0000E+00 
 0.0000E+00  1.8338E-02  0.0000E+00 
-5.6692E-03  1.8338E-02  0.0000E+00 
 0.0000E+00  0.0000E+00 -5.6692E-03 
-5.6692E-03  0.0000E+00 -5.6692E-03 
 0.0000E+00  1.8338E-02 -5.6692E-03 
-5.6692E-03  1.8338E-02 -5.6692E-03 

step = 28     time = 4.75e-03     dt = 1.69e-04
Displacment
 0.0000E+00  0.0000E+00  0.0000E+00 
-5.5706E-03  0.0000E+00  0.0000E+00 
 0.0000E+00  1.9015E-02  0.0000E+00 
-5.5706E-03  1.9015E-02  0.0000E+00 
 0.0000E+00  0.0000E+00 -5.5706E-03 
-5.5706E-03  0.0000E+00 -5.5706E-03 
 0.0000E+00  1.9015E-02 -5.5706E-03 
-5.5706E-03  1.9015E-02 -5.5706E-03 

step = 29     time = 4.92e-03     dt = 1.69e-04
Displacment
 0.0000E+00  0.0000E+00  0.0000E+00 
-5.6897E-03  0.0000E+00  0.0000E+00 
 0.0000E+00  1.9692E-02  0.0000E+00 
-5.6897E-03  1.9692E-02  0.0000E+00 
 0.0000E+00  0.0000E+00 -5.6897E-03 
-5.6897E-03  0.0000E+00 -5.6897E-03 
 0.0000E+00  1.9692E-02 -5.6897E-03 
-5.6897E-03  1.9692E-02 -5.6897E-03 

step = 30     time = 5.09e-03     dt = 1.69e-04
Displacment
 0.0000E+00  0.0000E+00  0.0000E+00 
-6.2597E-03  0.0000E+00  0.0000E+00 
 0.0000E+00  2.0369E-02  0.0000E+00 
-6.2597E-03  2.0369E-02  0.0000E+00 
 0.0000E+00  0.0000E+00 -6.2597E-03 
-6.2597E-03  0.0000E+00 -6.2597E-03 
 0.0000E+00  2.0369E-02 -6.2597E-03 
-6.2597E-03  2.0369E-02 -6.2597E-03 

step = 31     time = 5.26e-03     dt = 1.69e-04
Displacment
 0.0000E+00  0.0000E+00  0.0000E+00 
-6.1947E-03  0.0000E+00  0.0000E+00 
 0.0000E+00  2.1046E-02  0.0000E+00 
-6.1947E-03  2.1046E-02  0.0000E+00 
 0.0000E+00  0.0000E+00 -6.1947E-03 
-6.1947E-03  0.0000E+00 -6.1947E-03 
 0.0000E+00  2.1046E-02 -6.1947E-03 
-6.1947E-03  2.1046E-02 -6.1947E-03 

step = 32     time = 5.43e-03     dt = 1.69e-04
Displacment
 0.0000E+00  0.0000E+00  0.0000E+00 
-6.2654E-03  0.0000E+00  0.0000E+00 
 0.0000E+00  2.1722E-02  0.0000E+00 
-6.2654E-03  2.1722E-02  0.0000E+00 
 0.0000E+00  0.0000E+00 -6.2654E-03 
-6.2654E-03  0.0000E+00 -6.2654E-03 
 0.0000E+00  2.1722E-02 -6.2654E-03 
-6.2654E-03  2.1722E-02 -6.2654E-03 

step = 33     time = 5.60e-03     dt = 1.69e-04
Displacment
 0.0000E+00  0.0000E+00  0.0000E+00 
-6.8457E-03  0.0000E+00  0.0000E+00 
 0.0000E+00  2.2399E-02  0.0000E+00 
-6.8457E-03  2.2399E-02  0.0000E+00 
 0.0000E+00  0.0000E+00 -6.8457E-03 
-6.8457E-03  0.0000E+00 -6.8457E-03 
 0.0000E+00  2.2399E-02 -6.8457E-03 
-6.8457E-03  2.2399E-02 -6.8457E-03 

step = 34     time = 5.77e-03     dt = 1.69e-04
Displacment
 0.0000E+00  0.0000E+00  0.0000E+00 
-6.8152E-03  0.0000E+00  0.0000E+00 
 0.0000E+00  2.3076E-02  0.0000E+00 
-6.8152E-03  2.3076E-02  0.0000E+00 
 0.0000E+00  0.0000E+00 -6.8152E-03 
-6.8152E-03  0.0000E+00 -6.8152E-03 
 0.0000E+00  2.3076E-02 -6.8152E-03 
-6.8152E-03  2.3076E-02 -6.8152E-03 

step = 35     time = 5.94e-03     dt = 1.69e-04
Displacment
 0.0000E+00  0.0000E+00  0.0000E+00 
-6.8436E-03  0.0000E+00  0.0000E+00 
 0.0000E+00  2.3752E-02  0.0000E+00 
-6.8436E-03  2.3752E-02  0.0000E+00 
 0.0000E+00  0.0000E+00 -6.8436E-03 
-6.8436E-03  0.0000E+00 -6.8436E-03 
 0.0000E+00  2.3752E-02 -6.8436E-03 
-6.8436E-03  2.3752E-02 -6.8436E-03 

step = 36     time = 6.11e-03     dt = 1.69e-04
Displacment
 0.0000E+00  0.0000E+00  0.0000E+00 
-7.4281E-03  0.0000E+00  0.0000E+00 
 0.0000E+00  2.4428E-02  0.0000E+00 
-7.4281E-03  2.4428E-02  0.0000E+00 
 0.0000E+00  0.0000E+00 -7.4281E-03 
-7.4281E-03  0.0000E+00 -7.4281E-03 
 0.0000E+00  2.4428E-02 -7.4281E-03 
-7.4281E-03  2.4428E-02 -7.4281E-03 

step = 37     time = 6.28e-03     dt = 1.69e-04
Displacment
 0.0000E+00  0.0000E+00  0.0000E+00 
-7.4318E-03  0.0000E+00  0.0000E+00 
 0.0000E+00  2.5104E-02  0.0000E+00 
-7.4318E-03  2.5104E-02  0.0000E+00 
 0.0000E+00  0.0000E+00 -7.4318E-03 
-7.4318E-03  0.0000E+00 -7.4318E-03 
 0.0000E+00  2.5104E-02 -7.4318E-03 
-7.4318E-03  2.5104E-02 -7.4318E-03 

step = 38     time = 6.44e-03     dt = 1.69e-04
Displacment
 0.0000E+00  0.0000E+00  0.0000E+00 
-7.4238E-03  0.0000E+00  0.0000E+00 
 0.0000E+00  2.5780E-02  0.0000E+00 
-7.4238E-03  2.5780E-02  0.0000E+00 
 0.0000E+00  0.0000E+00 -7.4238E-03 
-7.4238E-03  0.0000E+00 -7.4238E-03 
 0.0000E+00  2.5780E-02 -7.4238E-03 
-7.4238E-03  2.5780E-02 -7.4238E-03 

step = 39     time = 6.61e-03     dt = 1.69e-04
Displacment
 0.0000E+00  0.0000E+00  0.0000E+00 
-8.0079E-03  0.0000E+00  0.0000E+00 
 0.0000E+00  2.6456E-02  0.0000E+00 
-8.0079E-03  2.6456E-02  0.0000E+00 
 0.0000E+00  0.0000E+00 -8.0079E-03 
-8.0079E-03  0.0000E+00 -8.0079E-03 
 0.0000E+00  2.6456E-02 -8.0079E-03 
-8.0079E-03  2.6456E-02 -8.0079E-03 

step = 40     time = 6.78e-03     dt = 1.69e-04
Displacment
 0.0000E+00  0.0000E+00  0.0000E+00 
-8.0441E-03  0.0000E+00  0.0000E+00 
 0.0000E+00  2.7131E-02  0.0000E+00 
-8.0441E-03  2.7131E-02  0.0000E+00 
 0.0000E+00  0.0000E+00 -8.0441E-03 
-8.0441E-03  0.0000E+00 -8.0441E-03 
 0.0000E+00  2.7131E-02 -8.0441E-03 
-8.0441E-03  2.7131E-02 -8.0441E-03 

step = 41     time = 6.95e-03     dt = 1.69e-04
Displacment
 0.0000E+00  0.0000E+00  0.0000E+00 
-8.0054E-03  0.0000E+00  0.0000E+00 
 0.0000E+00  2.7807E-02  0.0000E+00 
-8.0054E-03  2.7807E-02  0.0000E+00 
 0.0000E+00  0.0000E+00 -8.0054E-03 
-8.0054E-03  0.0000E+00 -8.0054E-03 
 0.0000E+00  2.7807E-02 -8.0054E-03 
-8.0054E-03  2.7807E-02 -8.0054E-03 

step = 42     time = 7.12e-03     dt = 1.69e-04
Displacment
 0.0000E+00  0.0000E+00  0.0000E+00 
-8.5858E-03  0.0000E+00  0.0000E+00 
 0.0000E+00  2.8482E-02  0.0000E+00 
-8.5858E-03  2.8482E-02  0.0000E+00 
 0.0000E+00  0.0000E+00 -8.5858E-03 
-8.5858E-03  0.0000E+00 -8.5858E-03 
 0.0000E+00  2.8482E-02 -8.5858E-03 
-8.5858E-03  2.8482E-02 -8.5858E-03 

step = 43     time = 7.29e-03     dt = 1.69e-04
Displacment
 0.0000E+00  0.0000E+00  0.0000E+00 
-8.6519E-03  0.0000E+00  0.0000E+00 
 0.0000E+00  2.9158E-02  0.0000E+00 
-8.6519E-03  2.9158E-02  0.0000E+00 
 0.0000E+00  0.0000E+00 -8.6519E-03 
-8.6519E-03  0.0000E+00 -8.6519E-03 
 0.0000E+00  2.9158E-02 -8.6519E-03 
-8.6519E-03  2.9158E-02 -8.6519E-03 

step = 44     time = 7.46e-03     dt = 1.69e-04
Displacment
 0.0000E+00  0.0000E+00  0.0000E+00 
-8.5879E-03  0.0000E+00  0.0000E+00 
 0.0000E+00  2.9833E-02  0.0000E+00 
-8.5879E-03  2.9833E-02  0.0000E+00 
 0.0000E+00  0.0000E+00 -8.5879E-03 
-8.5879E-03  0.0000E+00 -8.5879E-03 
 0.0000E+00  2.9833E-02 -8.5879E-03 
-8.5879E-03  2.9833E-02 -8.5879E-03 

step = 45     time = 7.63e-03     dt = 1.69e-04
Displacment
 0.0000E+00  0.0000E+00  0.0000E+00 
-9.1624E-03  0.0000E+00  0.0000E+00 
 0.0000E+00  3.0507E-02  0.0000E+00 
-9.1624E-03  3.0507E-02  0.0000E+00 
 0.0000E+00  0.0000E+00 -9.1624E-03 
-9.1624E-03  0.0000E+00 -9.1624E-03 
 0.0000E+00  3.0507E-02 -9.1624E-03 
-9.1624E-03  3.0507E-02 -9.1624E-03 

step = 46     time = 7.80e-03     dt = 1.69e-04
Displacment
 0.0000E+00  0.0000E+00  0.0000E+00 
-9.2552E-03  0.0000E+00  0.0000E+00 
 0.0000E+00  3.1182E-02  0.0000E+00 
-9.2552E-03  3.1182E-02  0.0000E+00 
 0.0000E+00  0.0000E+00 -9.2552E-03 
-9.2552E-03  0.0000E+00 -9.2552E-03 
 0.0000E+00  3.1182E-02 -9.2552E-03 
-9.2552E-03  3.1182E-02 -9.2552E-03 

step = 47     time = 7.96e-03     dt = 1.69e-04
Displacment
 0.0000E+00  0.0000E+00  0.0000E+00 
-9.1707E-03  0.0000E+00  0.0000E+00 
 0.0000E+00  3.1857E-02  0.0000E+00 
-9.1707E-03  3.1857E-02  0.0000E+00 
 0.0000E+00  0.0000E+00 -9.1707E-03 
-9.1707E-03  0.0000E+00 -9.1707E-03 
 0.0000E+00  3.1857E-02 -9.1707E-03 
-9.1707E-03  3.1857E-02 -9.1707E-03 

step = 48     time = 8.13e-03     dt = 1.69e-04
Displacment
 0.0000E+00  0.0000E+00  0.0000E+00 
-9.7384E-03  0.0000E+00  0.0000E+00 
 0.0000E+00  3.2532E-02  0.0000E+00 
-9.7384E-03  3.2532E-02  0.0000E+00 
 0.0000E+00  0.0000E+00 -9.7384E-03 
-9.7384E-03  0.0000E+00 -9.7384E-03 
 0.0000E+00  3.2532E-02 -9.7384E-03 
-9.7384E-03  3.2532E-02 -9.7384E-03 

step = 49     time = 8.30e-03     dt = 1.69e-04
Displacment
 0.0000E+00  0.0000E+00  0.0000E+00 
-9.8541E-03  0.0000E+00  0.0000E+00 
 0.0000E+00  3.3206E-02  0.0000E+00 
-9.8541E-03  3.3206E-02  0.0000E+00 
 0.0000E+00  0.0000E+00 -9.8541E-03 
-9.8541E-03  0.0000E+00 -9.8541E-03 
 0.0000E+00  3.3206E-02 -9.8541E-03 
-9.8541E-03  3.3206E-02 -9.8541E-03 

step = 50     time = 8.47e-03     dt = 1.69e-04
Displacment
 0.0000E+00  0.0000E+00  0.0000E+00 
-9.7533E-03  0.0000E+00  0.0000E+00 
 0.0000E+00  3.3880E-02  0.0000E+00 
-9.7533E-03  3.3880E-02  0.0000E+00 
 0.0000E+00  0.0000E+00 -9.7533E-03 
-9.7533E-03  0.0000E+00 -9.7533E-03 
 0.0000E+00  3.3880E-02 -9.7533E-03 
-9.7533E-03  3.3880E-02 -9.7533E-03 

step = 51     time = 8.64e-03     dt = 1.69e-04
Displacment
 0.0000E+00  0.0000E+00  0.0000E+00 
-1.0314E-02  0.0000E+00  0.0000E+00 
 0.0000E+00  3.4554E-02  0.0000E+00 
-1.0314E-02  3.4554E-02  0.0000E+00 
 0.0000E+00  0.0000E+00 -1.0314E-02 
-1.0314E-02  0.0000E+00 -1.0314E-02 
 0.0000E+00  3.4554E-02 -1.0314E-02 
-1.0314E-02  3.4554E-02 -1.0314E-02 

step = 52     time = 8.81e-03     dt = 1.68e-04
Displacment
 0.0000E+00  0.0000E+00  0.0000E+00 
-1.0449E-02  0.0000E+00  0.0000E+00 
 0.0000E+00  3.5229E-02  0.0000E+00 
-1.0449E-02  3.5229E-02  0.0000E+00 
 0.0000E+00  0.0000E+00 -1.0449E-02 
-1.0449E-02  0.0000E+00 -1.0449E-02 
 0.0000E+00  3.5229E-02 -1.0449E-02 
-1.0449E-02  3.5229E-02 -1.0449E-02 

step = 53     time = 8.98e-03     dt = 1.68e-04
Displacment
 0.0000E+00  0.0000E+00  0.0000E+00 
-1.0335E-02  0.0000E+00  0.0000E+00 
 0.0000E+00  3.5902E-02  0.0000E+00 
-1.0335E-02  3.5902E-02  0.0000E+00 
 0.0000E+00  0.0000E+00 -1.0335E-02 
-1.0335E-02  0.0000E+00 -1.0335E-02 
 0.0000E+00  3.5902E-02 -1.0335E-02 
-1.0335E-02  3.5902E-02 -1.0335E-02 

step = 54     time = 9.14e-03     dt = 1.68e-04
Displacment
 0.0000E+00  0.0000E+00  0.0000E+00 
-1.0890E-02  0.0000E+00  0.0000E+00 
 0.0000E+00  3.6576E-02  0.0000E+00 
-1.0890E-02  3.6576E-02  0.0000E+00 
 0.0000E+00  0.0000E+00 -1.0890E-02 
-1.0890E-02  0.0000E+00 -1.0890E-02 
 0.0000E+00  3.6576E-02 -1.0890E-02 
-1.0890E-02  3.6576E-02 -1.0890E-02 

step = 55     time = 9.31e-03     dt = 1.68e-04
Displacment
 0.0000E+00  0.0000E+00  0.0000E+00 
-1.1039E-02  0.0000E+00  0.0000E+00 
 0.0000E+00  3.7250E-02  0.0000E+00 
-1.1039E-02  3.7250E-02  0.0000E+00 
 0.0000E+00  0.0000E+00 -1.1039E-02 
-1.1039E-02  0.0000E+00 -1.1039E-02 
 0.0000E+00  3.7250E-02 -1.1039E-02 
-1.1039E-02  3.7250E-02 -1.1039E-02 

step = 56     time = 9.48e-03     dt = 1.68e-04
Displacment
 0.0000E+00  0.0000E+00  0.0000E+00 
-1.0917E-02  0.0000E+00  0.0000E+00 
 0.0000E+00  3.7923E-02  0.0000E+00 
-1.0917E-02  3.7923E-02  0.0000E+00 
 0.0000E+00  0.0000E+00 -1.0917E-02 
-1.0917E-02  0.0000E+00 -1.0917E-02 
 0.0000E+00  3.7923E-02 -1.0917E-02 
-1.0917E-02  3.7923E-02 -1.0917E-02 

step = 57     time = 9.65e-03     dt = 1.68e-04
Displacment
 0.0000E+00  0.0000E+00  0.0000E+00 
-1.1465E-02  0.0000E+00  0.0000E+00 
 0.0000E+00  3.8597E-02  0.0000E+00 
-1.1465E-02  3.8597E-02  0.0000E+00 
 0.0000E+00  0.0000E+00 -1.1465E-02 
-1.1465E-02  0.0000E+00 -1.1465E-02 
 0.0000E+00  3.8597E-02 -1.1465E-02 
-1.1465E-02  3.8597E-02 -1.1465E-02 

step = 58     time = 9.82e-03     dt = 1.68e-04
Displacment
 0.0000E+00  0.0000E+00  0.0000E+00 
-1.1625E-02  0.0000E+00  0.0000E+00 
 0.0000E+00  3.9270E-02  0.0000E+00 
-1.1625E-02  3.9270E-02  0.0000E+00 
 0.0000E+00  0.0000E+00 -1.1625E-02 
-1.1625E-02  0.0000E+00 -1.1625E-02 
 0.0000E+00  3.9270E-02 -1.1625E-02 
-1.1625E-02  3.9270E-02 -1.1625E-02 

step = 59     time = 9.99e-03     dt = 1.68e-04
Displacment
 0.0000E+00  0.0000E+00  0.0000E+00 
-1.1497E-02  0.0000E+00  0.0000E+00 
 0.0000E+00  3.9943E-02  0.0000E+00 
-1.1497E-02  3.9943E-02  0.0000E+00 
 0.0000E+00  0.0000E+00 -1.1497E-02 
-1.1497E-02  0.0000E+00 -1.1497E-02 
 0.0000E+00  3.9943E-02 -1.1497E-02 
-1.1497E-02  3.9943E-02 -1.1497E-02 
Displacment
 0.0000E+00  0.0000E+00  0.0000E+00 
-1.1497E-02  0.0000E+00  0.0000E+00 
 0.0000E+00  3.9943E-02  0.0000E+00 
-1.1497E-02  3.9943E-02  0.0000E+00 
 0.0000E+00  0.0000E+00 -1.1497E-02 
-1.1497E-02  0.0000E+00 -1.1497E-02 
 0.0000E+00  3.9943E-02 -1.1497E-02 
-1.1497E-02  3.9943E-02 -1.1497E-02 
