tensile strip    
quad4
289
    1    3    0.0000    0.0000
    2    1    0.0000    0.6250
    3    1    0.0000    1.2500
    4    1    0.0000    1.8750
    5    1    0.0000    2.5000
    6    1    0.0000    3.1250
    7    1    0.0000    3.7500
    8    1    0.0000    4.3750
    9    1    0.0000    5.0000
   10    1    0.0000    5.6250
   11    1    0.0000    6.2500
   12    1    0.0000    6.8750
   13    1    0.0000    7.5000
   14    1    0.0000    8.1250
   15    1    0.0000    8.7500
   16    1    0.0000    9.3750
   17    1    0.0000   10.0000
   18    2    0.6250    0.0000
   19    0    0.6250    0.6250
   20    0    0.6250    1.2500
   21    0    0.6250    1.8750
   22    0    0.6250    2.5000
   23    0    0.6250    3.1250
   24    0    0.6250    3.7500
   25    0    0.6250    4.3750
   26    0    0.6250    5.0000
   27    0    0.6250    5.6250
   28    0    0.6250    6.2500
   29    0    0.6250    6.8750
   30    0    0.6250    7.5000
   31    0    0.6250    8.1250
   32    0    0.6250    8.7500
   33    0    0.6250    9.3750
   34    0    0.6250   10.0000
   35    2    1.2500    0.0000
   36    0    1.2500    0.6250
   37    0    1.2500    1.2500
   38    0    1.2500    1.8750
   39    0    1.2500    2.5000
   40    0    1.2500    3.1250
   41    0    1.2500    3.7500
   42    0    1.2500    4.3750
   43    0    1.2500    5.0000
   44    0    1.2500    5.6250
   45    0    1.2500    6.2500
   46    0    1.2500    6.8750
   47    0    1.2500    7.5000
   48    0    1.2500    8.1250
   49    0    1.2500    8.7500
   50    0    1.2500    9.3750
   51    0    1.2500   10.0000
   52    2    1.8750    0.0000
   53    0    1.8750    0.6250
   54    0    1.8750    1.2500
   55    0    1.8750    1.8750
   56    0    1.8750    2.5000
   57    0    1.8750    3.1250
   58    0    1.8750    3.7500
   59    0    1.8750    4.3750
   60    0    1.8750    5.0000
   61    0    1.8750    5.6250
   62    0    1.8750    6.2500
   63    0    1.8750    6.8750
   64    0    1.8750    7.5000
   65    0    1.8750    8.1250
   66    0    1.8750    8.7500
   67    0    1.8750    9.3750
   68    0    1.8750   10.0000
   69    2    2.5000    0.0000
   70    0    2.5000    0.6250
   71    0    2.5000    1.2500
   72    0    2.5000    1.8750
   73    0    2.5000    2.5000
   74    0    2.5000    3.1250
   75    0    2.5000    3.7500
   76    0    2.5000    4.3750
   77    0    2.5000    5.0000
   78    0    2.5000    5.6250
   79    0    2.5000    6.2500
   80    0    2.5000    6.8750
   81    0    2.5000    7.5000
   82    0    2.5000    8.1250
   83    0    2.5000    8.7500
   84    0    2.5000    9.3750
   85    0    2.5000   10.0000
   86    2    3.1250    0.0000
   87    0    3.1250    0.6250
   88    0    3.1250    1.2500
   89    0    3.1250    1.8750
   90    0    3.1250    2.5000
   91    0    3.1250    3.1250
   92    0    3.1250    3.7500
   93    0    3.1250    4.3750
   94    0    3.1250    5.0000
   95    0    3.1250    5.6250
   96    0    3.1250    6.2500
   97    0    3.1250    6.8750
   98    0    3.1250    7.5000
   99    0    3.1250    8.1250
  100    0    3.1250    8.7500
  101    0    3.1250    9.3750
  102    0    3.1250   10.0000
  103    2    3.7500    0.0000
  104    0    3.7500    0.6250
  105    0    3.7500    1.2500
  106    0    3.7500    1.8750
  107    0    3.7500    2.5000
  108    0    3.7500    3.1250
  109    0    3.7500    3.7500
  110    0    3.7500    4.3750
  111    0    3.7500    5.0000
  112    0    3.7500    5.6250
  113    0    3.7500    6.2500
  114    0    3.7500    6.8750
  115    0    3.7500    7.5000
  116    0    3.7500    8.1250
  117    0    3.7500    8.7500
  118    0    3.7500    9.3750
  119    0    3.7500   10.0000
  120    2    4.3750    0.0000
  121    0    4.3750    0.6250
  122    0    4.3750    1.2500
  123    0    4.3750    1.8750
  124    0    4.3750    2.5000
  125    0    4.3750    3.1250
  126    0    4.3750    3.7500
  127    0    4.3750    4.3750
  128    0    4.3750    5.0000
  129    0    4.3750    5.6250
  130    0    4.3750    6.2500
  131    0    4.3750    6.8750
  132    0    4.3750    7.5000
  133    0    4.3750    8.1250
  134    0    4.3750    8.7500
  135    0    4.3750    9.3750
  136    0    4.3750   10.0000
  137    2    5.0000    0.0000
  138    0    5.0000    0.6250
  139    0    5.0000    1.2500
  140    0    5.0000    1.8750
  141    0    5.0000    2.5000
  142    0    5.0000    3.1250
  143    0    5.0000    3.7500
  144    0    5.0000    4.3750
  145    0    5.0000    5.0000
  146    0    5.0000    5.6250
  147    0    5.0000    6.2500
  148    0    5.0000    6.8750
  149    0    5.0000    7.5000
  150    0    5.0000    8.1250
  151    0    5.0000    8.7500
  152    0    5.0000    9.3750
  153    0    5.0000   10.0000
  154    2    5.6250    0.0000
  155    0    5.6250    0.6250
  156    0    5.6250    1.2500
  157    0    5.6250    1.8750
  158    0    5.6250    2.5000
  159    0    5.6250    3.1250
  160    0    5.6250    3.7500
  161    0    5.6250    4.3750
  162    0    5.6250    5.0000
  163    0    5.6250    5.6250
  164    0    5.6250    6.2500
  165    0    5.6250    6.8750
  166    0    5.6250    7.5000
  167    0    5.6250    8.1250
  168    0    5.6250    8.7500
  169    0    5.6250    9.3750
  170    0    5.6250   10.0000
  171    2    6.2500    0.0000
  172    0    6.2500    0.6250
  173    0    6.2500    1.2500
  174    0    6.2500    1.8750
  175    0    6.2500    2.5000
  176    0    6.2500    3.1250
  177    0    6.2500    3.7500
  178    0    6.2500    4.3750
  179    0    6.2500    5.0000
  180    0    6.2500    5.6250
  181    0    6.2500    6.2500
  182    0    6.2500    6.8750
  183    0    6.2500    7.5000
  184    0    6.2500    8.1250
  185    0    6.2500    8.7500
  186    0    6.2500    9.3750
  187    0    6.2500   10.0000
  188    2    6.8750    0.0000
  189    0    6.8750    0.6250
  190    0    6.8750    1.2500
  191    0    6.8750    1.8750
  192    0    6.8750    2.5000
  193    0    6.8750    3.1250
  194    0    6.8750    3.7500
  195    0    6.8750    4.3750
  196    0    6.8750    5.0000
  197    0    6.8750    5.6250
  198    0    6.8750    6.2500
  199    0    6.8750    6.8750
  200    0    6.8750    7.5000
  201    0    6.8750    8.1250
  202    0    6.8750    8.7500
  203    0    6.8750    9.3750
  204    0    6.8750   10.0000
  205    2    7.5000    0.0000
  206    0    7.5000    0.6250
  207    0    7.5000    1.2500
  208    0    7.5000    1.8750
  209    0    7.5000    2.5000
  210    0    7.5000    3.1250
  211    0    7.5000    3.7500
  212    0    7.5000    4.3750
  213    0    7.5000    5.0000
  214    0    7.5000    5.6250
  215    0    7.5000    6.2500
  216    0    7.5000    6.8750
  217    0    7.5000    7.5000
  218    0    7.5000    8.1250
  219    0    7.5000    8.7500
  220    0    7.5000    9.3750
  221    0    7.5000   10.0000
  222    2    8.1250    0.0000
  223    0    8.1250    0.6250
  224    0    8.1250    1.2500
  225    0    8.1250    1.8750
  226    0    8.1250    2.5000
  227    0    8.1250    3.1250
  228    0    8.1250    3.7500
  229    0    8.1250    4.3750
  230    0    8.1250    5.0000
  231    0    8.1250    5.6250
  232    0    8.1250    6.2500
  233    0    8.1250    6.8750
  234    0    8.1250    7.5000
  235    0    8.1250    8.1250
  236    0    8.1250    8.7500
  237    0    8.1250    9.3750
  238    0    8.1250   10.0000
  239    2    8.7500    0.0000
  240    0    8.7500    0.6250
  241    0    8.7500    1.2500
  242    0    8.7500    1.8750
  243    0    8.7500    2.5000
  244    0    8.7500    3.1250
  245    0    8.7500    3.7500
  246    0    8.7500    4.3750
  247    0    8.7500    5.0000
  248    0    8.7500    5.6250
  249    0    8.7500    6.2500
  250    0    8.7500    6.8750
  251    0    8.7500    7.5000
  252    0    8.7500    8.1250
  253    0    8.7500    8.7500
  254    0    8.7500    9.3750
  255    0    8.7500   10.0000
  256    2    9.3750    0.0000
  257    0    9.3750    0.6250
  258    0    9.3750    1.2500
  259    0    9.3750    1.8750
  260    0    9.3750    2.5000
  261    0    9.3750    3.1250
  262    0    9.3750    3.7500
  263    0    9.3750    4.3750
  264    0    9.3750    5.0000
  265    0    9.3750    5.6250
  266    0    9.3750    6.2500
  267    0    9.3750    6.8750
  268    0    9.3750    7.5000
  269    0    9.3750    8.1250
  270    0    9.3750    8.7500
  271    0    9.3750    9.3750
  272    0    9.3750   10.0000
  273    3   10.0000    0.0000
  274    3   10.0000    0.6250
  275    3   10.0000    1.2500
  276    3   10.0000    1.8750
  277    3   10.0000    2.5000
  278    3   10.0000    3.1250
  279    3   10.0000    3.7500
  280    3   10.0000    4.3750
  281    3   10.0000    5.0000
  282    3   10.0000    5.6250
  283    3   10.0000    6.2500
  284    3   10.0000    6.8750
  285    3   10.0000    7.5000
  286    3   10.0000    8.1250
  287    3   10.0000    8.7500
  288    3   10.0000    9.3750
  289    3   10.0000   10.0000
256    
    1    1    1   18   19    2
    2    1    2   19   20    3
    3    1    3   20   21    4
    4    1    4   21   22    5
    5    1    5   22   23    6
    6    1    6   23   24    7
    7    1    7   24   25    8
    8    1    8   25   26    9
    9    1    9   26   27   10
   10    1   10   27   28   11
   11    1   11   28   29   12
   12    1   12   29   30   13
   13    1   13   30   31   14
   14    1   14   31   32   15
   15    1   15   32   33   16
   16    1   16   33   34   17
   17    1   18   35   36   19
   18    1   19   36   37   20
   19    1   20   37   38   21
   20    1   21   38   39   22
   21    1   22   39   40   23
   22    1   23   40   41   24
   23    1   24   41   42   25
   24    1   25   42   43   26
   25    1   26   43   44   27
   26    1   27   44   45   28
   27    1   28   45   46   29
   28    1   29   46   47   30
   29    1   30   47   48   31
   30    1   31   48   49   32
   31    1   32   49   50   33
   32    1   33   50   51   34
   33    1   35   52   53   36
   34    1   36   53   54   37
   35    1   37   54   55   38
   36    1   38   55   56   39
   37    1   39   56   57   40
   38    1   40   57   58   41
   39    1   41   58   59   42
   40    1   42   59   60   43
   41    1   43   60   61   44
   42    1   44   61   62   45
   43    1   45   62   63   46
   44    1   46   63   64   47
   45    1   47   64   65   48
   46    1   48   65   66   49
   47    1   49   66   67   50
   48    1   50   67   68   51
   49    1   52   69   70   53
   50    1   53   70   71   54
   51    1   54   71   72   55
   52    1   55   72   73   56
   53    1   56   73   74   57
   54    1   57   74   75   58
   55    1   58   75   76   59
   56    1   59   76   77   60
   57    1   60   77   78   61
   58    1   61   78   79   62
   59    1   62   79   80   63
   60    1   63   80   81   64
   61    1   64   81   82   65
   62    1   65   82   83   66
   63    1   66   83   84   67
   64    1   67   84   85   68
   65    1   69   86   87   70
   66    1   70   87   88   71
   67    1   71   88   89   72
   68    1   72   89   90   73
   69    1   73   90   91   74
   70    1   74   91   92   75
   71    1   75   92   93   76
   72    1   76   93   94   77
   73    1   77   94   95   78
   74    1   78   95   96   79
   75    1   79   96   97   80
   76    1   80   97   98   81
   77    1   81   98   99   82
   78    1   82   99  100   83
   79    1   83  100  101   84
   80    1   84  101  102   85
   81    1   86  103  104   87
   82    1   87  104  105   88
   83    1   88  105  106   89
   84    1   89  106  107   90
   85    1   90  107  108   91
   86    1   91  108  109   92
   87    1   92  109  110   93
   88    1   93  110  111   94
   89    1   94  111  112   95
   90    1   95  112  113   96
   91    1   96  113  114   97
   92    1   97  114  115   98
   93    1   98  115  116   99
   94    1   99  116  117  100
   95    1  100  117  118  101
   96    1  101  118  119  102
   97    1  103  120  121  104
   98    1  104  121  122  105
   99    1  105  122  123  106
  100    1  106  123  124  107
  101    1  107  124  125  108
  102    1  108  125  126  109
  103    1  109  126  127  110
  104    1  110  127  128  111
  105    1  111  128  129  112
  106    1  112  129  130  113
  107    1  113  130  131  114
  108    1  114  131  132  115
  109    1  115  132  133  116
  110    1  116  133  134  117
  111    1  117  134  135  118
  112    1  118  135  136  119
  113    1  120  137  138  121
  114    1  121  138  139  122
  115    1  122  139  140  123
  116    1  123  140  141  124
  117    1  124  141  142  125
  118    1  125  142  143  126
  119    1  126  143  144  127
  120    1  127  144  145  128
  121    1  128  145  146  129
  122    1  129  146  147  130
  123    1  130  147  148  131
  124    1  131  148  149  132
  125    1  132  149  150  133
  126    1  133  150  151  134
  127    1  134  151  152  135
  128    1  135  152  153  136
  129    1  137  154  155  138
  130    1  138  155  156  139
  131    1  139  156  157  140
  132    1  140  157  158  141
  133    1  141  158  159  142
  134    1  142  159  160  143
  135    1  143  160  161  144
  136    1  144  161  162  145
  137    1  145  162  163  146
  138    1  146  163  164  147
  139    1  147  164  165  148
  140    1  148  165  166  149
  141    1  149  166  167  150
  142    1  150  167  168  151
  143    1  151  168  169  152
  144    1  152  169  170  153
  145    1  154  171  172  155
  146    1  155  172  173  156
  147    1  156  173  174  157
  148    1  157  174  175  158
  149    1  158  175  176  159
  150    1  159  176  177  160
  151    1  160  177  178  161
  152    1  161  178  179  162
  153    1  162  179  180  163
  154    1  163  180  181  164
  155    1  164  181  182  165
  156    1  165  182  183  166
  157    1  166  183  184  167
  158    1  167  184  185  168
  159    1  168  185  186  169
  160    1  169  186  187  170
  161    1  171  188  189  172
  162    1  172  189  190  173
  163    1  173  190  191  174
  164    1  174  191  192  175
  165    1  175  192  193  176
  166    1  176  193  194  177
  167    1  177  194  195  178
  168    1  178  195  196  179
  169    1  179  196  197  180
  170    1  180  197  198  181
  171    1  181  198  199  182
  172    1  182  199  200  183
  173    1  183  200  201  184
  174    1  184  201  202  185
  175    1  185  202  203  186
  176    1  186  203  204  187
  177    1  188  205  206  189
  178    1  189  206  207  190
  179    1  190  207  208  191
  180    1  191  208  209  192
  181    1  192  209  210  193
  182    1  193  210  211  194
  183    1  194  211  212  195
  184    1  195  212  213  196
  185    1  196  213  214  197
  186    1  197  214  215  198
  187    1  198  215  216  199
  188    1  199  216  217  200
  189    1  200  217  218  201
  190    1  201  218  219  202
  191    1  202  219  220  203
  192    1  203  220  221  204
  193    1  205  222  223  206
  194    1  206  223  224  207
  195    1  207  224  225  208
  196    1  208  225  226  209
  197    1  209  226  227  210
  198    1  210  227  228  211
  199    1  211  228  229  212
  200    1  212  229  230  213
  201    1  213  230  231  214
  202    1  214  231  232  215
  203    1  215  232  233  216
  204    1  216  233  234  217
  205    1  217  234  235  218
  206    1  218  235  236  219
  207    1  219  236  237  220
  208    1  220  237  238  221
  209    1  222  239  240  223
  210    1  223  240  241  224
  211    1  224  241  242  225
  212    1  225  242  243  226
  213    1  226  243  244  227
  214    1  227  244  245  228
  215    1  228  245  246  229
  216    1  229  246  247  230
  217    1  230  247  248  231
  218    1  231  248  249  232
  219    1  232  249  250  233
  220    1  233  250  251  234
  221    1  234  251  252  235
  222    1  235  252  253  236
  223    1  236  253  254  237
  224    1  237  254  255  238
  225    1  239  256  257  240
  226    1  240  257  258  241
  227    1  241  258  259  242
  228    1  242  259  260  243
  229    1  243  260  261  244
  230    1  244  261  262  245
  231    1  245  262  263  246
  232    1  246  263  264  247
  233    1  247  264  265  248
  234    1  248  265  266  249
  235    1  249  266  267  250
  236    1  250  267  268  251
  237    1  251  268  269  252
  238    1  252  269  270  253
  239    1  253  270  271  254
  240    1  254  271  272  255
  241    1  256  273  274  257
  242    1  257  274  275  258
  243    1  258  275  276  259
  244    1  259  276  277  260
  245    1  260  277  278  261
  246    1  261  278  279  262
  247    1  262  279  280  263
  248    1  263  280  281  264
  249    1  264  281  282  265
  250    1  265  282  283  266
  251    1  266  283  284  267
  252    1  267  284  285  268
  253    1  268  285  286  269
  254    1  269  286  287  270
  255    1  270  287  288  271
  256    1  271  288  289  272
  1
  1 5
  0.0 0.4225  5.0
  0 17 0  0.0 0.0
  273    1   20.0000    
  274    1   20.0000    
  275    1   20.0000    
  276    1   20.0000    
  277    1   20.0000    
  278    1   20.0000    
  279    1   20.0000    
  280    1   20.0000    
  281    1   20.0000    
  282    1   20.0000    
  283    1   20.0000    
  284    1   20.0000    
  285    1   20.0000    
  286    1   20.0000    
  287    1   20.0000    
  288    1   20.0000   
  289    1   20.0000   
200 1.0 0.005 20 1.e-6 0.0 0.0 25 0 17 2 
